213 331 1482 4095 572 1186 1213 1203 1296 4095
204 371 559 4095 606 1186 1217 1229 1297 4095
214 342 532 4095 1611 1193 1229 1216 1295 1298
202 361 713 4095 1117 1194 1224 1213 1297 1331
208 375 624 4095 1390 1192 1222 1210 1298 1297
209 327 677 4095 1655 1188 1241 1211 1299 1293
209 317 554 4095 2898 1189 1220 1231 1297 1325
200 323 679 4095 621 1197 1228 1220 1297 1387
221 353 874 4095 3599 1185 1206 1202 1297 1290
209 391 838 4095 1096 1197 1224 1213 1297 1325
198 351 1013 4095 1263 1187 1212 1204 1297 2827
205 371 375 4095 844 1182 1210 1230 1297 1366
212 329 577 4095 784 1185 1224 1211 1297 1318
209 332 479 4095 1177 1188 1220 1238 1297 1312
251 500 881 4095 2993 1284 861 1322 948 1037
210 377 895 4095 1250 1176 1208 1195 1298 1405
204 324 664 4095 965 1194 1227 1223 1297 1329
220 339 565 4095 1378 1184 1224 1216 1297 1309
207 447 497 4095 878 1186 1213 1229 1297 1336
206 318 612 4095 1164 1186 1216 1216 1297 1330
226 497 730 4095 1015 1184 1212 1223 1297 1354
199 346 422 4095 968 1183 1212 1226 1297 1313
201 495 656 4095 1589 1191 1210 1217 1297 1314
211 326 675 4095 2376 1195 1242 1219 1300 1305
217 389 617 4095 1086 1191 1228 1215 1297 1325
215 342 884 4095 1323 1183 1213 1204 1297 1332
211 367 644 4095 1500 1198 1208 1217 1299 1298
202 335 624 4095 1396 1187 1219 1221 1296 1322
213 355 839 4095 3509 1182 1245 1220 1299 1307
224 532 1523 4095 521 1184 1208 1208 1297 4095
206 296 838 4095 1159 1194 1226 1211 1297 1356
218 331 664 4095 513 1178 1210 1219 1297 4095
207 367 829 4095 1487 1187 1227 1210 1297 1299
192 401 620 953 816 1187 1216 1224 1296 1453
214 354 638 4095 893 1186 1219 1211 1297 1320
201 355 563 4095 715 1186 1225 1231 1298 1340
210 441 622 4095 897 1182 1216 1222 1297 1309
217 333 726 4095 1281 1200 1210 1222 1298 1307
194 333 771 4024 968 1189 1225 1216 1298 1355
204 305 600 4095 1275 1187 1222 1218 1297 1407
213 336 784 4095 854 1180 1234 1216 1298 1310
203 372 939 4095 656 1194 1233 1219 1298 4095
205 315 587 4095 1228 1191 1230 1228 1298 1323
207 321 710 4095 2695 1189 1225 1228 1296 1314
204 341 772 4095 2122 1186 1214 1214 1297 1306
212 407 624 4095 1226 1196 1219 1220 1297 1322
207 374 583 4095 870 1188 1218 1226 1297 1336
201 304 369 4095 619 1184 1218 1238 1297 4095
204 332 584 4095 1437 1185 1225 1210 1297 1312
207 366 685 4095 1580 1192 1207 1208 1298 1294
206 331 605 4095 448 1189 1221 1213 1297 4095
208 357 636 4095 989 1186 1229 1220 1297 1323
205 369 574 4095 1180 1193 1235 1215 1299 1304
203 334 871 1827 1670 1182 1206 1197 1297 1286
201 318 639 4095 956 1182 1223 1220 1299 1302
213 340 674 4095 737 1191 1215 1224 1298 1361
205 351 619 4095 1280 1201 1224 1215 1298 1303
202 348 639 4095 1045 1188 1226 1229 1297 1343
204 327 765 4095 1664 1193 1243 1213 1300 3019
203 319 506 4095 1157 1180 1219 1221 1297 1314
204 327 580 4095 979 1182 1256 1217 1299 1309
220 356 617 4095 939 1188 1227 1225 1297 1380
220 438 560 4095 1071 1187 1212 1228 1297 1352
216 494 753 4095 1483 1194 1212 1221 1298 1315
198 350 643 4095 1292 1180 1217 1221 1297 1315
195 337 764 1606 1798 1175 1214 1202 1297 1303
224 647 687 4095 494 1182 1207 1223 1299 4095
205 340 602 4095 2507 1186 1322 1208 1298 1303
203 326 646 4095 1209 1181 1221 1206 1297 1305
214 294 593 4095 3205 1181 1228 1225 1297 1281
199 340 469 4095 1021 1192 1217 1226 1296 1311
213 345 677 4095 1328 1184 1222 1216 1297 1306
222 329 624 4095 1729 1184 1219 1229 1296 1306
211 421 754 4095 1581 1190 1211 1215 1297 1299
202 361 613 4095 1214 1182 1220 1226 1297 1342
203 392 949 4095 578 1182 1211 1214 1297 4095
207 332 972 4095 1280 1181 1220 1214 1298 1314
218 374 548 4095 385 1184 1213 1227 1297 4095
207 354 438 4095 1049 1178 1215 1208 1296 1305
212 355 586 4095 1547 1196 1220 1213 1298 1297
207 329 599 4095 1848 1187 1214 1219 1297 1319
235 709 731 4095 4095 1193 1201 1221 1299 1286
217 357 765 4095 1004 1184 1216 1223 1297 1348
204 373 668 4095 1102 1197 1224 1221 1297 1305
208 345 537 4095 1481 1186 1228 1225 1297 1299
208 362 730 4095 1920 1198 1217 1223 1297 1303
203 462 692 1910 914 1183 1220 1225 1297 4095
217 360 606 4095 1490 1182 1229 1222 1297 1312
202 329 893 4095 1042 1199 1225 1212 1298 1295
206 358 340 4095 1259 1191 1239 1232 1299 1300
217 566 519 4095 1186 1183 1203 1220 1298 1362
203 370 546 4095 1604 1178 1214 1228 1297 1301
204 402 656 4095 679 1188 1216 1229 1298 1366
203 351 878 4095 1407 1187 1241 1215 1299 1320
208 328 702 4095 977 1182 1211 1212 1297 1332
200 367 579 4095 1527 1191 1234 1217 1299 1307
218 374 783 4095 1867 1188 1226 1218 1298 1301
206 416 795 4095 774 1187 1212 1210 1297 1361
205 367 643 4095 2143 1190 1217 1212 1297 1316
202 333 557 4095 974 1181 1234 1223 1298 1322
197 378 898 4095 818 1197 1220 1219 1297 1336
211 367 601 4095 1508 1200 1218 1216 1298 1325
205 363 597 4095 1516 1190 1211 1213 1296 1311
203 345 635 4095 1419 1180 1221 1226 1297 4095
210 357 513 4095 1084 1180 1217 1223 1297 1302
236 383 753 4095 1802 1194 1224 1224 1297 1313
204 311 767 4095 622 1184 1229 1218 1297 1336
222 532 670 4095 1799 1205 1217 1218 1298 1300
204 322 621 4095 1131 1195 1248 1212 1299 1319
219 407 578 4095 1334 1189 1217 1230 1297 1302
215 343 751 4095 1049 1178 1210 1215 1297 1331
209 381 618 4095 1255 1190 1232 1218 1298 1312
206 347 577 4095 954 1197 1237 1220 1299 1306
195 341 613 3238 1192 1178 1221 1214 1297 1445
238 369 649 4095 1493 1184 1226 1227 1297 1343
209 342 524 4095 1440 1185 1224 1220 1296 1318
203 342 500 4095 1707 1188 1218 1229 1297 56
217 308 512 4095 2701 1184 1235 1231 1298 1306
202 337 670 4095 724 1198 1218 1215 1297 4095
211 397 645 4095 1570 1184 1212 1216 1298 1306
236 394 716 4095 1317 1181 1227 1222 1297 1316
202 370 623 4095 1730 1187 1213 1230 1297 1289
207 587 530 4095 2327 1196 1208 1217 1297 1301
201 533 582 4095 1955 1186 1206 1215 1298 1348
206 373 584 4095 694 1192 1221 1237 1297 1376
205 341 768 4095 973 1191 1244 1217 1300 1331
215 350 743 4095 513 1182 1217 1218 1297 4095
206 350 536 4095 869 1195 1218 1230 1297 1347
212 393 754 4095 1649 1192 1218 1215 1297 1308
201 314 611 4095 1317 1182 1222 1221 1296 1444
199 354 635 3837 1477 1187 1212 1218 1296 1308
196 319 556 4095 1147 1183 1212 1223 1298 4095
200 314 807 4095 909 1182 1238 1215 1299 1336
208 347 480 4095 1748 1184 1221 1235 1296 1320
213 450 621 4095 995 1189 1212 1232 1296 4095
205 351 789 4095 1281 1184 1210 1208 1298 1301
216 904 515 4095 1489 1184 1201 1226 1299 1306
202 324 637 4095 470 1193 1221 1221 1297 4095
199 326 639 4095 851 1186 1233 1221 1299 1324
212 441 788 4095 1557 1182 1206 1216 1299 1311
238 411 793 4095 1536 1189 1212 1206 1297 1318
204 344 571 4095 1511 1186 1257 1223 1299 1304
213 340 788 4095 1512 1189 1231 1217 1299 1308
222 376 514 4095 1176 1184 1216 1221 1297 1303
202 370 534 4095 1409 1184 1221 1215 1297 1303
205 341 745 4095 1006 1184 1218 1207 1297 1303
204 368 966 4095 1400 1201 1227 1220 1297 1452
215 302 564 4095 586 1187 1216 1228 1297 4095
195 449 596 2557 545 1180 1203 1219 1297 4095
203 362 611 4095 926 1199 1219 1222 1297 1327
199 483 567 4095 955 1179 1203 1228 1298 1342
204 326 808 4095 1263 1201 1229 1215 1299 1350
203 350 753 4095 791 1198 1218 1214 1297 4095
211 338 578 4095 1174 1188 1224 1233 1302 1330
225 343 589 4095 1044 1180 1213 1219 1298 1325
217 391 615 4095 704 1181 1213 1219 1298 1365
204 325 791 4095 1411 1185 1222 1207 1297 1305
209 333 689 4095 1050 1190 1214 1224 1297 1302
206 413 629 4095 896 1203 1228 1219 1298 1344
206 376 562 4095 1268 1199 1221 1230 1299 1347
209 525 667 4095 1470 1190 1213 1224 1296 1349
262 573 653 4095 4095 1179 1201 1217 1299 1278
201 374 502 4095 1101 1189 1248 1223 1299 1320
205 333 698 4095 2230 1185 1226 1204 1297 1289
205 389 669 4095 1104 1185 1219 1227 1296 1445
207 374 539 4095 877 1178 1223 1221 1298 1334
205 319 698 4095 975 1184 1234 1222 1299 4095
216 553 829 4095 2185 1200 1215 1215 1298 1399
206 345 683 4095 1010 1199 1224 1222 1297 1319
215 394 551 4095 959 1187 1210 1232 1299 1338
200 340 539 4095 621 1181 1250 1226 1301 1347
216 373 1536 4095 2844 1186 1224 1220 1297 1306
199 360 445 4095 1031 1191 1227 1231 1298 1340
203 411 813 4095 941 1202 1210 1224 1297 1337
218 344 628 4095 1033 1183 1224 1226 1297 1324
200 351 573 4095 927 1190 1225 1224 1296 1337
239 346 602 4095 1126 1178 1222 1220 1298 1313
206 340 565 4095 1330 1185 1245 1222 1300 1307
211 330 681 4095 1047 1183 1258 1219 1299 1352
207 306 545 4095 1449 1186 1214 1224 1297 1311
210 364 778 3200 1058 1174 1203 1204 1297 1291
209 363 850 4095 1724 1207 1223 1225 1297 1302
203 420 1056 4095 782 1224 1221 1216 1298 0
206 364 529 4095 1386 1176 1216 1227 1305 1286
204 341 752 4095 1594 1194 1222 1210 1298 1314
213 316 556 4095 1167 1180 1221 1223 1298 1355
207 353 632 4095 487 1189 1230 1212 1298 4095
207 362 616 4095 1186 1184 1210 1230 1298 1332
190 347 661 2004 2159 1185 1241 1222 1299 1316
206 395 739 4095 949 1195 1217 1216 1297 1322
202 318 684 4095 531 1184 1217 1216 1298 1308
208 315 776 4095 775 1174 1221 1217 1297 4095
216 374 537 2368 1455 1182 1213 1212 1296 1356
202 314 649 3042 1073 1185 1220 1199 1295 1301
204 364 875 4095 948 1193 1220 1214 1297 1346
205 333 817 4095 803 1181 1213 1218 1296 1324
207 347 624 4095 1376 1178 1223 1221 1296 1329
214 363 443 4095 1386 1194 1211 1238 1299 967
225 388 604 4095 1090 1185 1213 1226 1296 1330
211 350 882 4095 1284 1192 1244 1211 1300 1311
209 405 755 4095 1183 1183 1213 1213 1297 1323
207 390 583 4095 1153 1189 1241 1228 1299 1351
206 308 646 4095 1076 1193 1236 1220 1298 1314
209 376 708 4095 1008 1179 1223 1216 1297 1312
204 337 790 4095 1295 1197 1221 1221 1298 1305
206 327 455 4095 782 1184 1233 1228 1298 1311
213 373 625 4095 2896 1189 1252 1219 1300 1295
196 303 622 1876 1682 1190 1241 1218 1300 1294
205 337 520 4095 1019 1199 1247 1222 1299 1349
203 299 668 4095 1006 1184 1248 1217 1298 1315
214 516 498 4095 2776 1193 1209 1232 1298 1287
201 374 479 4095 672 1191 1215 1215 1297 1330
205 377 1037 4095 1907 1189 1243 1217 1300 1302
208 357 622 4095 671 1186 1221 1218 1298 1387
209 306 641 4095 1946 1193 1233 1221 1298 1302
201 297 582 4095 1064 1198 1221 1211 1298 1355
202 309 888 4095 1365 1182 1217 1201 1296 1309
201 348 423 4095 788 1186 1223 1226 1297 4095
221 390 536 4095 649 1185 1223 1219 1297 4095
204 324 551 4095 894 1181 1210 1218 1298 4095
240 622 888 4095 3757 1179 1200 1207 1298 1296
199 330 653 4095 577 1182 1222 1213 1297 4095
219 340 567 4095 2377 1192 1222 1215 1298 1292
204 370 754 4095 1136 1176 1223 1221 1296 1336
217 370 632 4095 3175 1181 1226 1220 1298 1309
202 353 750 4095 596 1201 1216 1221 1298 1321
212 328 730 4095 793 1184 1238 1212 1298 1316
215 399 654 4095 1180 1190 1215 1210 1297 1320
207 410 681 4095 1358 1192 1211 1210 1298 1308
206 345 712 4095 1154 1191 1214 1211 1297 1342
209 380 1077 4095 1524 1188 1214 1208 1297 1312
207 341 407 4095 794 1188 1227 1228 1297 1320
203 365 474 4095 1130 1192 1215 1222 1297 1304
207 357 524 4095 1332 1216 1240 1222 1300 1298
213 348 511 4095 956 1188 1217 1230 1296 1304
203 349 718 4095 1548 1183 1228 1215 1299 1309
201 606 599 4095 810 1193 1206 1220 1298 1376
204 340 409 4095 3012 1180 1250 1218 1298 1312
209 340 591 4095 1050 1194 1217 1217 1297 1300
211 334 602 4095 1087 1188 1235 1227 1299 1340
208 576 1442 4095 1741 1192 1204 1210 1298 1301
212 598 520 4095 824 1187 1204 1237 1300 1350
212 376 1009 4095 1344 1193 1232 1218 1298 1346
210 339 742 4095 1548 1177 1232 1221 1298 1306
208 353 669 4095 1322 1185 1225 1213 1297 1349
210 299 665 4095 1203 1179 1213 1228 1297 1330
213 399 874 4095 418 1188 1215 1208 1296 4095
208 374 706 4095 839 1186 1215 1233 1297 1307
217 485 549 4095 1980 1192 1205 1215 1298 1305
221 311 551 4095 2233 1187 1222 1214 1297 1304
201 358 1041 4095 1720 1199 1214 1209 1297 1287
206 325 590 4095 1086 1184 1246 1234 1299 1393
233 743 743 4095 3051 1176 1201 1218 1299 1294
240 349 1727 4095 1814 1195 1233 1207 1298 1308
213 375 737 4095 1718 1188 1214 1219 1298 1310
207 319 918 4095 755 1188 1218 1209 1297 1361
212 316 555 4095 1117 1188 1253 1210 1298 1307
206 353 1289 4095 1567 1210 1225 1219 1298 1322
209 364 1014 4095 1478 1185 1217 1215 1297 1315
207 305 702 4095 1022 1175 1220 1209 1297 1498
210 354 619 4095 1095 1182 1216 1205 1297 1304
211 347 868 4095 891 1186 1242 1215 1299 1445
208 323 1440 4095 846 1196 1233 1220 1292 4095
205 353 553 4095 1029 1191 1219 1218 1297 1316
234 647 1250 4095 2177 1197 1209 1221 1297 1303
208 365 461 4095 1207 1191 1231 1230 1298 4095
206 347 551 4095 1774 1195 1262 1214 1299 1435
211 330 734 4095 1036 1180 1232 1216 1298 1304
209 331 715 4095 1201 1186 1237 1221 1298 1317
204 417 561 4095 764 1186 1214 1224 1297 1382
202 334 696 4095 1072 1201 1223 1209 1297 1316
203 370 511 4095 896 1191 1246 1227 1299 1461
202 381 667 4095 1084 1186 1215 1206 1296 1329
212 322 897 3724 1371 1179 1215 1198 1295 1307
227 589 519 4095 554 1189 1205 1227 1299 4095
236 391 515 4095 1525 1176 1216 1224 1297 1296
203 337 643 4095 892 1191 1215 1215 1298 1352
201 338 937 4095 491 1188 1220 1214 1296 4095
208 332 683 4095 1625 1196 1225 1221 1298 1327
203 348 638 4095 1123 1192 1220 1220 1297 1307
241 564 1091 4095 2090 1176 1203 1206 1298 1301
211 332 478 4095 2058 1187 1219 1224 1297 1311
207 343 795 4095 1155 1189 1227 1214 1298 1360
206 335 614 4095 1437 1183 1231 1225 1297 1317
203 345 796 4095 1673 1201 1219 1215 1297 1296
197 331 738 4095 1632 1187 1255 1214 1299 1327
205 400 629 4095 935 1187 1214 1216 1297 1335
205 317 623 4095 1550 1200 1225 1213 1298 1418
211 436 702 4095 2475 1180 1211 1214 1297 1307
216 470 637 4095 1064 1186 1209 1217 1299 1336
195 348 487 4095 588 1187 1222 1210 1297 1344
208 372 672 4095 1218 1183 1214 1214 1296 1309
210 344 586 4095 988 1184 1226 1224 1297 1317
205 604 872 4095 1181 1192 1213 1212 1297 1306
231 423 434 4095 918 1183 1223 1281 1299 1354
196 447 672 884 1376 1173 1195 1212 1299 1286
206 360 573 4095 940 1188 1236 1233 1299 1319
207 326 932 4095 918 1190 1244 1204 1299 1323
207 357 728 4095 1323 1193 1217 1226 1297 1333
211 381 792 4095 858 1191 1222 1218 1297 4095
220 357 509 4095 1159 1192 1212 1224 1298 1331
207 364 593 4095 1091 1188 1219 1216 1296 1322
214 375 1103 4095 2012 1186 1227 1213 1298 1315
218 345 721 4095 1079 1188 1216 1211 1298 1338
194 420 311 3448 1541 1185 1216 1235 1296 1318
219 345 652 4095 931 1184 1251 1216 1299 1437
206 364 796 4095 1303 1193 1225 1221 1298 1314
217 446 696 4095 851 1188 1216 1222 1297 1334
211 331 1233 4095 1459 1186 1235 1215 1298 1344
215 336 666 4095 721 1184 1227 1227 1297 1314
203 479 362 4095 1026 1193 1204 1238 1299 1297
204 363 547 4095 811 1189 1218 1216 1297 1312
202 384 731 4095 1311 1180 1209 1215 1299 1371
204 371 601 4095 739 1183 1222 1217 1297 4095
209 327 598 4095 848 1182 1231 1226 1298 1333
203 371 575 4095 2278 1199 1227 1228 1297 1320
206 376 665 4095 1269 1184 1215 1215 1298 1324
208 337 507 4095 1656 1205 1227 1220 1298 1312
224 351 1929 4095 3033 1183 1225 1206 1297 1307
198 338 593 4054 2077 1186 1228 1221 1297 1311
214 364 683 4095 1155 1199 1212 1214 1298 1320
203 369 596 4095 932 1188 1221 1217 1298 1369
212 406 792 4095 807 1183 1212 1218 1297 1366
202 346 638 4095 1216 1191 1223 1221 1298 1326
208 460 608 4095 1179 1199 1211 1228 1297 1358
206 408 539 4095 1051 1190 1211 1228 1298 1329
209 297 619 4095 2995 1192 1224 1219 1297 2367
206 334 688 4095 965 1179 1234 1221 1298 1335
208 305 498 4095 2153 1188 1236 1236 1298 1334
210 330 654 4095 1719 1190 1228 1210 1297 1308
205 339 640 4095 1595 1192 1221 1217 1297 1309
235 357 557 4095 809 1190 1230 1213 1298 1310
212 453 686 4095 1650 1192 1211 1223 1296 1336
205 347 626 4095 961 1188 1230 1221 1298 1338
204 406 723 4095 1883 1189 1217 1220 1297 1296
208 465 599 4095 1584 1204 1208 1211 1297 1304
204 442 1030 4095 961 1175 1210 1216 1298 1323
213 339 766 4095 1764 1188 1222 1219 1297 1313
210 351 551 4095 1046 1199 1221 1214 1298 1306
221 346 691 4095 1401 1178 1222 1227 1298 1477
213 393 717 4095 1681 1182 1215 1216 1298 1300
209 354 738 4095 1280 1178 1219 1221 1297 1315
213 528 1166 4095 2020 1189 1207 1212 1298 1372
205 344 553 4095 1194 1196 1220 1229 1296 1330
215 325 635 4095 1627 1184 1243 1209 1300 1305
206 587 445 4095 1443 1185 1200 1226 1298 1297
205 367 1194 4095 770 1199 1227 1219 1299 1317
204 420 796 4095 863 1185 1211 1211 1297 1306
213 605 817 4095 654 1185 1206 1222 1297 4095
210 333 894 4095 1244 1187 1219 1207 1296 1304
215 338 666 4095 483 1204 1228 1218 1299 4095
205 385 862 4095 1157 1186 1220 1214 1296 1327
212 338 812 4095 1725 1183 1243 1227 1298 1304
203 313 684 4095 853 1179 1219 1216 1297 4095
205 335 608 4095 752 1192 1222 1229 1298 4095
219 311 766 4095 2172 1187 1216 1211 1297 1319
209 354 738 4095 1118 1183 1226 1223 1297 1323
217 370 665 4095 1026 1185 1213 1211 1297 1391
213 337 529 4095 1244 1185 1231 1223 1297 1415
218 343 866 4095 1327 1192 1245 1214 1299 1301
214 437 661 4095 1126 1190 1213 1230 1297 1307
223 406 739 4095 886 1188 1219 1211 1297 1314
204 371 621 4095 1470 1202 1220 1218 1297 1313
207 314 671 4095 2368 1191 1216 1218 1296 1287
210 580 543 4095 996 1199 1207 1223 1298 1353
236 392 1241 4095 1508 1184 1218 1212 1297 1318
203 304 666 4095 2009 1206 1229 1219 1298 1317
202 347 528 4095 934 1185 1246 1234 1299 1308
214 367 408 4095 1238 1188 1252 1245 1298 1418
209 353 1086 4095 1571 1190 1212 1215 1298 1318
211 365 843 4095 2065 1199 1215 1214 1297 1284
217 333 989 4095 1122 1177 1224 1216 1297 1310
208 338 724 4095 868 1184 1232 1211 1298 1327
203 357 1027 4095 892 1182 1210 1201 1296 1329
204 328 619 4095 1168 1195 1228 1224 1298 1346
207 309 583 4095 971 1190 1213 1214 1297 1345
204 327 898 4095 622 0 1208 1204 1298 1344
208 365 622 4095 1272 1187 1219 1212 1298 1309
201 337 531 4095 1747 1186 1239 1234 1300 1316
205 308 629 4095 804 1195 1206 1209 1297 1451
207 348 733 4095 1041 1194 1232 1216 1298 1317
217 380 643 4095 1398 1187 1239 1217 1299 1336
207 408 457 4095 1522 1185 1210 1227 1297 1324
208 322 643 4095 693 1186 1220 1214 1298 1342
203 332 378 4095 1569 1194 1209 1226 1298 1336
206 492 716 4095 633 1193 1213 1216 1297 1403
211 406 650 4095 719 1191 1219 1219 1298 1320
210 359 633 4095 1013 1186 1220 1216 1297 1384
251 381 715 4095 1624 1284 1328 1311 663 839
201 329 567 4095 1074 1190 1244 1223 1299 1400
204 344 568 4095 705 1194 1233 1221 1298 4095
204 344 848 4095 1386 1181 1219 1211 1298 1305
207 389 783 4095 1429 1192 1215 1214 1297 1310
202 366 827 4095 926 1192 1229 1210 1297 1318
200 362 616 4095 1159 1189 1218 1218 1297 1336
207 379 663 4095 1183 1183 1230 1210 1297 1410
208 366 477 4095 1627 1191 1223 1235 1299 1323
205 370 558 4095 1250 1181 1216 1229 1297 1328
208 359 673 4095 1705 1182 1218 1210 1297 1297
210 567 649 4095 958 1186 1204 1221 1299 1350
203 337 1051 4095 727 1188 1233 1210 1299 1361
223 638 612 4095 1086 1181 1205 1223 1296 1315
206 414 722 4095 1215 1188 1217 1229 1297 1348
220 362 468 4095 1511 1184 1213 1229 1297 1304
216 375 574 4095 1091 1198 1221 1222 1297 1341
202 393 631 4095 640 1191 1243 1216 1300 4095
216 498 640 4095 1649 1181 1208 1224 1298 1328
209 338 582 4095 3135 1196 1218 1229 1296 1320
205 360 457 4095 762 1200 1218 1244 1297 4095
203 418 637 4095 1262 1187 1219 1230 1298 1308
221 348 790 4095 1246 1181 1211 1217 1297 1319
226 318 1257 4095 4095 1186 1224 1213 1297 1300
207 379 588 4095 943 1187 1222 1208 1297 1355
201 360 587 4095 737 1180 1227 1224 1298 4095
203 332 567 4095 920 1191 1231 1219 1298 1310
254 437 731 4095 1109 1182 1224 1210 1289 1319
205 345 703 4095 1445 1194 1243 1214 1300 1315
212 337 499 4095 1286 1185 1242 1236 1299 1320
139 243 524 4095 1622 1202 1221 1223 1298 1320
200 302 662 4095 782 1191 1227 1215 1297 4095
213 378 527 4095 2623 1207 1220 1238 1295 1303
206 361 712 4095 1085 1186 1225 1220 1298 1316
201 332 602 4095 1010 1181 1234 1217 1297 1315
211 354 989 4095 877 0 1205 0 1299 1307
211 384 641 4095 1342 1191 1220 1228 1296 1313
215 330 571 4095 1136 1181 1214 1223 1296 1306
214 360 554 4095 1499 1192 1226 1231 1298 1322
205 305 658 4095 916 1190 1244 1214 1299 1326
202 329 671 4095 931 1190 1236 1215 1298 4095
205 365 602 4095 2846 1196 1214 1217 1298 1316
200 549 618 4095 1074 1207 1213 1223 1297 1323
200 366 511 4095 1033 1185 1216 1210 1298 1322
214 477 566 4095 1946 1189 1213 1235 1297 1301
202 380 616 4095 1218 1200 1218 1222 1298 1308
204 356 588 4095 684 1193 1218 1221 1297 4095
209 403 595 4095 1514 1187 1216 1220 1298 1319
210 643 598 4095 1906 1191 1203 1217 1297 1305
207 346 527 4095 1065 1201 1211 1230 1296 1332
209 325 909 4095 1144 1189 1212 1216 1298 1310
199 367 631 4095 724 1187 1219 1228 1297 4095
203 351 630 4095 932 1190 1224 1211 1298 1308
207 342 715 4095 1164 1202 1227 1218 1298 1339
205 338 664 4095 1171 1193 1227 1214 1298 1307
223 364 791 4095 1840 1173 1210 1215 1298 1287
215 342 1681 4095 1692 1184 1219 1205 1297 1305
212 397 814 4095 2727 1192 1217 1217 1297 1301
221 364 805 4095 1178 1196 1220 1216 1297 1328
205 478 656 4095 1979 1194 1206 1214 1298 1317
204 450 704 4095 831 1180 1208 1215 1298 1408
202 310 515 4095 1024 1199 1223 1216 1298 1320
207 369 704 4095 1671 1190 1212 1213 1298 1299
202 382 685 4095 695 1187 1211 1209 1297 4095
196 407 584 4095 1412 1183 1205 1211 1298 1309
215 341 1778 4095 1042 1185 1223 1204 1296 1335
204 498 519 4095 1064 1183 1207 1232 1298 1317
213 369 704 4095 777 1178 1215 1203 1298 1328
234 406 784 4095 1262 1178 1213 1214 1297 1309
209 328 680 4095 794 1181 1231 1218 1298 1309
206 334 647 4095 1068 1183 1223 1221 1298 1303
203 642 601 4095 1430 1188 1199 1209 1298 1297
203 464 619 4095 1326 1188 1210 1211 1298 1324
204 452 637 4095 1374 1195 1212 1215 1298 1308
217 333 542 4095 1127 1182 1214 1231 1297 1344
205 575 583 4095 1235 1184 1205 1222 1299 1409
205 339 546 4095 1812 1189 1223 1231 1298 1307
202 337 586 4095 1212 1192 1234 1219 1298 1369
217 397 1490 4095 605 1189 1226 1205 1297 4095
234 392 593 4095 4095 1201 1219 1220 1298 1263
210 393 597 4095 906 1189 1214 1215 1297 1317
205 359 882 4095 889 1176 1217 1210 1296 1316
204 326 844 4095 797 1180 1230 1199 1297 1312
242 354 960 4095 3036 1176 1227 890 1298 1078
213 395 710 4095 1021 1184 1214 1213 1297 1305
206 362 580 4095 1501 1186 1226 1214 1297 1315
209 309 846 4095 1455 1198 1231 1222 1298 1424
210 346 687 4095 896 1192 1218 1213 1297 1355
209 515 822 4095 576 1179 1202 1206 1298 4095
204 369 950 4095 1450 1194 1211 1209 1298 1315
204 367 677 4095 575 1190 1211 1221 1298 4095
200 385 883 4095 322 1184 1232 1227 1297 4095
210 325 350 4095 759 1186 1214 1243 1297 4095
212 340 615 4095 806 1194 1230 1215 1299 1338
237 313 642 4095 1510 1187 1241 1219 1299 1306
210 318 753 4095 762 1185 1245 1212 1298 1322
207 320 636 4095 1048 1182 1214 1213 1297 1349
240 401 806 4095 2045 1276 1314 1320 692 714
203 389 894 4095 1475 1189 1213 1211 1297 1305
209 365 779 4095 1534 1180 1208 1213 1299 1297
213 317 928 4095 1513 1188 1225 1209 1298 1301
211 347 614 4095 1163 1190 1218 1229 1297 1370
197 391 720 1370 980 1181 1210 1212 1297 1305
203 334 604 4095 1309 1181 1220 1224 1297 1291
218 314 593 4095 1286 1181 1230 1216 1296 1352
203 316 701 4095 1616 1181 1218 1215 1296 1313
213 335 629 4095 863 1182 1232 1202 1297 1312
215 343 552 4095 1555 1186 1222 1231 1297 1314
201 361 369 4095 1183 1186 1229 1240 1298 1315
211 355 561 4095 1449 1191 1218 1236 1298 1348
205 372 557 4095 1811 1191 1209 1211 1297 1311
210 405 581 4095 1202 1182 1227 1216 1298 1317
204 328 564 4095 1461 1182 1230 1223 1298 1311
227 451 697 4095 954 1182 1212 1224 1297 1348
216 546 852 4095 2507 1188 1113 1214 1300 1202
213 388 568 4095 1050 1190 1224 1221 1297 1342
208 314 474 4095 1042 1191 1215 1238 1298 1336
213 799 647 4095 1221 1187 1192 1225 1300 1313
214 364 756 4095 1475 1191 1218 1209 1296 1305
174 282 793 4095 850 1179 1231 1217 505 4095
208 425 667 4095 1781 1200 1213 1219 1297 1311
207 338 633 4095 1097 1194 1212 1216 1298 1307
204 360 518 4095 1201 1179 1216 1214 1297 1302
211 358 438 4095 1805 1185 1225 1253 1297 1298
214 340 633 4095 1155 1188 1211 1203 1297 1309
210 343 578 4095 1456 1192 1217 1211 1297 1371
205 414 501 4095 740 1187 1215 1242 1296 1416
209 391 656 4095 1103 1187 1217 1213 1297 1326
196 346 590 1826 1997 1188 1234 1214 1297 313
209 431 717 4095 870 1190 1215 1213 1296 1329
203 574 695 4095 935 1192 1204 1215 1299 1357
225 304 768 4095 582 1176 1219 1215 1297 4095
207 313 511 4095 1232 1201 1231 1228 1297 1313
209 367 1890 4095 949 1190 1225 1209 1297 1397
206 330 654 4095 678 1187 1245 1216 1300 1323
200 491 607 4095 953 1185 1211 1224 1299 1372
215 359 565 4095 1592 1185 1223 1211 1297 1315
210 344 778 4095 3292 1183 1230 1223 1296 586
206 318 468 4095 744 1184 1239 1240 1299 1324
201 362 738 4095 924 1188 1222 1216 1298 1347
215 326 1161 4095 969 1189 1228 1211 1297 1318
206 345 628 4095 1065 1191 1236 1216 1299 1330
214 442 672 4095 1055 1183 1211 1219 1298 1302
205 378 584 4095 1449 1183 1215 1216 1297 1306
215 385 1236 4095 1758 1170 1208 1210 1298 1334
211 575 758 4095 1445 1188 1206 1208 1298 481
204 356 550 4095 1102 1192 1233 1221 1297 1306
203 329 583 4095 1217 1189 1226 1232 1298 1297
215 435 782 4095 3781 1184 1210 1208 1299 1280
210 325 654 4095 2029 1187 1228 1209 1298 1296
206 345 667 4095 638 1182 1215 1215 1297 4095
202 434 678 4095 915 1197 1215 1231 1295 1319
199 360 713 4095 1272 1181 1223 1219 1296 1313
202 320 478 4095 674 1193 1249 1236 1299 4095
206 397 758 4095 1021 1184 1217 1221 1297 1322
207 582 693 4095 1538 1186 1205 1220 1298 1320
205 320 656 4095 1697 1186 1242 1215 1299 1303
205 324 657 4095 1165 1184 1226 1223 1297 1322
207 347 1001 4095 716 1188 1234 1207 1298 1314
206 583 773 4095 2221 1182 1206 1222 1298 1339
213 356 576 4095 888 1190 1224 1210 1297 1328
201 387 723 4095 429 1186 1217 1216 1297 4095
204 479 769 4095 1100 1177 1208 1218 1297 1322
219 455 741 4095 3395 1200 1212 1222 1298 1291
214 329 624 4095 1413 1184 1218 1222 1297 1291
199 383 585 4095 1411 1194 1219 1212 1297 1300
224 563 694 4095 1534 1182 1210 1224 1297 1294
209 360 726 4095 438 1194 1215 1209 1297 4095
206 363 625 4095 772 1192 1231 1210 1298 1343
206 360 782 4095 792 1174 1210 1213 1298 1316
209 823 588 4095 2215 1199 1209 1217 1298 1304
204 355 491 4095 753 1194 1227 1218 1298 4095
200 385 698 4095 859 1188 1227 1229 1298 1342
210 387 708 4095 1117 1187 1213 1214 1297 1316
220 347 724 4095 3224 1184 1230 1222 1297 1296
222 357 844 4095 1106 1180 1233 1203 1297 1315
220 398 681 4095 898 1185 1213 1226 1297 1319
204 325 711 4095 1479 1187 1254 1227 1298 1326
210 344 552 4095 1442 1185 1214 1214 1298 1302
212 339 1310 4095 2250 1188 1241 1213 1299 1293
212 359 555 4095 1646 1198 1224 1219 1298 1314
212 365 541 4095 2328 1187 1253 1229 1298 1291
208 343 619 4095 1515 1192 1233 1214 1298 1300
222 336 928 4095 3536 1190 1230 1222 1298 1302
209 368 787 4095 723 1196 1235 1223 1297 4095
210 325 694 4095 922 1179 1216 1223 1298 1336
219 328 620 4095 4095 1174 1231 1216 1299 1287
220 365 625 4095 1376 1191 1219 1221 1297 1303
215 334 942 4095 1106 1191 1232 1216 1298 1448
212 443 456 4095 1266 1186 1217 1229 1296 1311
204 343 545 4095 1276 1189 1226 1227 1297 1308
205 630 530 4095 1225 1194 1203 1218 1298 1377
202 474 1187 4095 1452 1184 1209 1204 1297 1308
204 322 667 4095 1092 1184 1217 1226 1296 1336
217 378 606 4095 721 1181 1217 1218 1297 1350
205 346 698 4095 925 1195 1233 1221 1298 1311
208 334 489 4095 2161 1186 1215 1240 1297 2778
202 354 444 4095 972 1188 1223 1219 1298 1316
212 461 966 4095 716 1185 1208 1207 1298 4095
201 369 876 2629 961 1178 1221 1207 1296 1322
202 342 896 4095 671 1191 1218 1216 1297 1351
194 437 569 3148 1169 1178 1194 1206 1298 1310
204 360 778 4095 1033 1183 1225 1221 1297 1309
204 324 540 4095 1295 1189 1221 1208 1297 1341
207 451 562 4095 934 1186 1214 1226 1296 1314
212 338 688 4095 937 1184 1227 1223 1295 1350
208 416 745 4095 2146 1187 1215 1207 1296 1309
208 403 945 4095 804 1183 1211 1216 1298 1375
196 436 873 2853 1986 1174 1210 1198 1296 1298
211 513 750 4095 1747 1195 1218 1217 1297 1317
207 345 850 4095 938 1186 1238 1215 1298 1312
217 438 611 4095 1244 1180 1207 1219 1299 1316
209 352 586 4095 849 1185 1219 1213 1297 1305
210 424 683 4095 1144 1187 1222 1217 1296 1330
207 358 584 4095 1185 1186 1230 1220 1298 1334
208 418 478 4095 978 1186 1216 1238 1297 1574
204 376 660 4095 716 1176 1218 1217 1297 1323
202 455 547 4095 1067 1188 1213 1220 1298 1326
212 363 580 4095 1273 1205 1219 1221 1297 1312
189 323 823 1168 896 1180 1226 1200 1296 1326
206 331 766 4095 1070 1188 1232 1212 1298 1315
205 323 518 4095 1033 1191 1224 1233 1298 1316
230 460 1415 4095 3576 1179 1211 1201 1297 1293
201 337 610 4095 889 1191 1238 1236 1299 1306
231 318 722 4095 1096 1177 1218 1210 1297 4095
207 366 645 4095 1314 1186 1244 1216 1300 1317
216 320 575 4095 1575 1190 1233 1233 1298 1312
208 367 507 4095 906 1193 1225 1215 1296 1330
203 348 597 4095 1100 1186 1244 1231 1300 1316
201 328 548 4095 539 1186 1231 1235 1298 4095
207 327 782 4095 1865 1178 1251 1204 1298 1292
207 335 887 4095 1033 1191 1224 1210 1297 1347
211 424 624 4095 1567 1191 1210 1213 1297 1308
203 373 886 4095 1186 1194 1223 1231 1297 1323
200 340 962 4095 729 1182 1222 1211 1297 1328
201 367 720 4095 1060 1195 1216 1208 1297 1302
204 369 737 4095 1060 1179 1218 1216 1297 1301
202 331 670 4095 712 1190 1230 1217 1297 1372
201 339 814 4095 692 1184 1229 1222 1298 1339
205 339 650 4095 1455 1181 1227 1212 1296 1303
206 295 715 4095 942 1189 1231 1216 1297 1320
238 397 689 4095 1375 1195 4095 1217 1299 1292
214 421 955 4095 730 1180 1220 1210 1296 1679
218 380 581 4095 771 1188 1226 1224 1297 4095
206 345 652 4095 1148 1187 1222 1227 1297 1327
241 361 662 4095 757 1179 1209 1210 1298 1346
208 288 635 4095 1483 1184 1246 1227 1299 1326
204 310 613 4095 1822 1185 1221 1208 1298 1308
214 343 971 4095 1684 1189 1236 1217 1300 1307
200 398 562 4095 1210 1204 1216 1226 1298 1317
207 385 624 4095 1037 1175 1211 1225 1296 4095
245 694 745 4095 3078 1186 1212 1221 1296 1299
197 378 645 4095 1211 1192 1219 1216 1297 1359
205 346 533 4095 1353 1194 1233 1217 1299 1322
203 378 631 4095 718 1193 1221 1229 1298 1351
198 347 792 4095 552 1169 1213 1210 1297 1325
205 360 648 4095 1474 1185 1224 1212 1298 1306
231 371 664 4095 226 1184 1226 1217 1298 4095
203 294 680 4095 1697 1183 1216 1220 1298 1300
212 332 1314 4095 1919 1195 1228 1207 1297 1308
202 369 715 4095 1274 1178 1226 1220 1297 1334
204 362 638 4095 1590 1196 1235 1217 1301 1321
208 437 604 4095 780 1193 1214 1225 1298 1323
199 348 1097 4095 933 1179 1227 1219 1298 1448
206 376 676 4095 788 1188 1216 1208 1298 1346
214 332 1949 4095 877 1191 1229 1209 1296 4095
216 401 738 4095 712 1194 1210 1216 1297 1382
213 397 887 4095 862 1184 1219 1205 1296 1333
208 565 679 4095 2472 1209 1208 1223 1298 1308
226 399 533 4095 1445 1177 1215 1221 1297 1302
202 341 540 4095 717 1201 1223 1220 1297 1415
195 312 568 1529 1720 1183 1220 1214 1296 1302
222 342 631 4095 1067 1181 1221 1213 1296 1311
251 915 693 4095 4095 1178 1204 1219 1299 1279
207 360 710 4095 943 1190 1221 1225 1297 1314
217 419 632 4095 1254 1187 1215 1216 1297 1351
227 331 689 4095 1046 1180 1231 1219 1298 1360
214 349 566 4095 777 1184 1230 1222 1297 1333
197 362 602 4095 568 1188 1214 1224 1297 4095
206 627 580 4095 691 1190 1210 1227 1297 4095
201 384 543 4095 796 1188 1213 1231 1297 1366
208 369 585 4095 995 1185 1228 1223 1297 1317
207 326 932 4095 1389 1191 1242 1212 1299 1306
231 340 619 4095 2123 1179 1241 1221 1299 1299
210 380 632 4095 1209 1187 1229 1212 1298 1307
207 341 631 4095 881 1190 1210 1216 1298 1373
211 338 650 4095 634 1193 1244 1224 1299 1442
221 351 555 4095 2719 1175 1226 1212 1299 1281
243 354 578 4095 711 1177 1224 1214 1297 1316
205 336 686 4095 581 1190 1218 1213 1296 4095
218 371 842 4095 993 1184 1235 1215 1298 1323
213 400 1257 4095 2574 1196 1214 1206 1297 1296
213 359 616 4095 2153 1183 1224 1226 1296 1410
203 363 641 4095 1246 1186 1220 1230 1296 1305
203 349 744 4095 1161 1188 1230 1212 1298 1320
203 338 735 4095 1822 1182 1222 1210 1297 1306
220 376 493 4095 1024 1186 1221 1207 1297 1318
198 357 673 4095 856 1190 1221 1221 1296 1296
204 381 591 4095 876 1186 1212 1209 1298 1323
207 375 593 4095 2444 0 1283 1229 1299 1334
204 389 565 4095 1563 1183 1214 1216 1296 1320
205 393 550 4095 1215 1193 1220 1221 1297 1307
222 560 764 4095 929 1179 1208 1206 1298 1375
207 370 739 4095 832 1190 1220 1229 1296 1451
208 344 737 4095 385 1185 1248 1218 1299 4095
203 359 772 4095 1447 1186 1231 1207 1298 1312
208 509 709 4095 1640 1184 1210 1225 1298 1305
205 327 687 4095 976 1181 1226 1216 1298 1315
224 436 523 4095 2471 1188 1213 1207 1297 1300
200 370 404 4095 1023 224 1015 1044 1091 352
205 308 659 4095 1499 1192 1219 1210 1297 1303
208 413 572 4095 1357 1194 1228 1209 1298 1316
206 364 769 4095 2343 1182 1217 1218 1297 1302
208 365 587 4095 955 1195 1224 1226 1297 1355
219 347 555 4095 2044 1186 1219 1215 1298 1302
212 588 631 4095 1263 1190 1208 1223 1298 1319
191 367 1603 1618 837 1176 1203 1197 1298 4095
200 506 540 4095 864 1189 1207 1224 1297 1305
213 350 972 4095 2078 1190 1234 1207 1298 1311
216 338 841 4095 1681 1198 1223 1216 1297 1330
202 369 663 4095 853 1191 1222 1226 1297 1336
208 550 567 4095 1396 1179 1209 1230 1298 1295
201 421 589 4095 1152 1183 1213 1218 1298 1305
205 345 937 4095 1167 1192 1225 1212 1299 1339
212 381 655 4095 2047 1194 1244 1221 1300 1309
206 334 815 4095 872 1181 1231 1212 1298 4095
211 308 713 4095 2026 1197 1230 1217 1298 1320
205 343 654 4095 1495 1189 1239 1227 1300 1300
212 402 525 4095 1484 1187 1216 1230 1297 1300
205 384 959 4095 1295 1177 1208 1208 1297 1302
222 356 742 4095 852 1177 1217 1212 1297 1325
216 309 630 4095 1008 1197 1226 1210 1298 1362
206 358 580 4095 1007 1185 1215 1227 1298 1318
208 331 458 4095 1428 1187 1229 1234 1297 1294
210 476 577 4095 1215 1194 1209 1215 1299 1315
204 307 524 4095 817 1183 1234 1226 1298 1351
215 446 714 4095 816 1189 1213 1223 1298 1435
229 412 1261 4095 3312 1095 1213 1141 1298 1212
204 380 402 4095 1099 1190 1217 1231 1297 1316
214 579 639 4095 1558 1183 1209 1225 1306 1338
216 388 665 4095 1160 1188 1222 1224 1296 1312
210 419 825 4095 1444 1194 1215 1216 1298 1314
209 344 731 4095 714 1193 1241 1210 1299 1312
201 376 711 4095 478 1186 1226 1210 1297 4095
207 308 622 4095 1051 1183 1218 1212 1297 1308
254 363 588 4095 2783 1186 1218 1226 1297 0
205 335 717 4095 1501 1181 1227 1222 1297 1307
206 333 790 4095 915 1201 1219 1221 1298 1334
208 371 540 4095 1547 1182 1226 1218 1298 1457
197 315 449 4095 931 1206 1232 1230 1299 1381
204 321 485 4095 1976 1195 1222 1229 1298 1297
217 322 680 4095 1150 1188 1234 1209 1298 1402
204 302 709 4095 1599 1191 1228 1215 1298 1297
203 497 625 4095 1198 1187 1211 1214 1298 1354
206 357 686 4095 951 1190 1218 1232 1296 1321
211 382 601 4095 1207 1188 1223 1223 1297 1312
206 319 828 4095 678 1200 1234 1211 1299 1330
230 781 646 4095 1450 1182 1204 1222 1298 18
205 313 615 4095 1311 1191 1227 1216 1298 1305
215 324 699 4095 1445 1195 1252 1214 1299 1306
208 364 572 4095 680 1188 1231 1219 1299 4095
208 344 426 4095 1027 1181 1217 1224 1297 1304
202 315 635 4095 560 1200 1222 1225 1297 4095
203 480 715 4095 1677 1188 1213 1227 1297 1306
198 335 670 4095 622 1181 1235 1211 1298 4095
202 492 500 4095 991 1185 1211 1228 1298 1331
211 355 695 4095 2761 1184 1221 1225 1296 1299
207 367 747 4095 1270 1181 1216 1207 1297 1301
217 395 550 4095 548 1187 1220 1225 1298 0
201 326 711 4095 471 1184 1221 1214 1298 4095
207 336 622 4095 997 1186 1222 1211 1297 1307
205 329 678 4095 1033 1193 1219 1222 1296 1312
204 335 523 4095 1035 1190 1276 1224 1299 1321
230 478 599 4095 2107 1007 1326 1049 1121 1141
214 386 752 4095 2568 1187 1214 1214 1297 1300
214 395 776 4095 1501 1200 1226 1212 1298 1328
202 489 634 4095 1508 1197 1214 1216 1297 1291
212 618 663 4095 1272 1176 1199 1207 1297 1302
213 390 670 4095 928 1185 1219 1208 1297 1342
208 400 690 4095 731 1191 1231 1217 1298 1368
212 375 494 4095 1422 1181 1214 1235 1296 1305
204 362 860 4095 1547 1187 1209 1211 1297 1313
204 366 746 4095 1030 1182 1214 1211 1298 1306
213 343 702 4095 955 1185 1231 1230 1299 680
211 376 921 4095 1013 1177 1210 1208 1297 1319
226 343 567 4095 1137 1191 1232 1221 1298 1336
200 339 567 4095 1006 1192 1218 1214 1297 1330
210 398 834 4095 886 1191 1223 1217 1298 1315
202 443 758 4095 768 1191 1215 1216 1297 1340
208 358 752 4095 1757 1192 1224 1210 1298 1359
206 449 594 4095 884 1191 1213 1231 1299 1329
204 378 534 4095 1348 1196 1215 1215 1298 1335
206 359 761 4095 1072 1185 1215 1224 1298 1416
205 343 569 4095 1215 1194 1252 1223 1298 1302
214 361 602 4095 686 1182 1210 1226 1297 1336
206 368 637 4095 885 1180 1221 1209 1297 1320
198 333 660 4095 1180 1179 1228 1210 1297 1329
206 365 625 4095 1922 1194 1223 1231 1298 1300
230 352 717 4095 2065 1188 1226 1211 1298 1312
205 368 1217 4095 570 1196 1233 1214 1299 1400
213 428 633 4095 2023 1179 1212 1220 1297 1321
213 363 646 4095 695 1188 1237 1218 1298 1380
212 429 499 4095 1049 1181 1222 1221 1297 1308
208 338 703 4095 853 1182 1216 1202 1297 1316
202 318 661 4095 851 1188 1219 1208 1297 1302
207 340 532 4095 1506 1186 1221 1215 1297 1311
202 417 568 4095 1114 1207 1239 1231 1300 1335
203 646 520 4095 1314 1194 1214 1218 1297 1309
209 395 1057 4095 2999 1188 1228 1216 1297 1372
205 377 585 4095 1564 1185 1219 1224 1297 1305
209 367 367 4095 2796 1188 1206 1248 1298 1288
226 350 662 4095 1307 1175 1222 1217 1298 1299
188 360 639 1696 762 1185 1214 1218 1299 1324
203 437 603 4095 1883 1196 1214 1223 1297 1317
223 341 1044 4095 1124 1172 1220 1203 1296 393
204 392 660 4095 558 1185 1225 1220 1298 4095
220 429 467 4095 1243 1189 1218 1222 1296 1323
210 391 756 4095 929 1181 1226 1219 1298 1450
206 331 576 4095 844 1190 1229 1214 1298 1319
211 414 771 4095 2507 1183 1216 1216 1297 1291
211 377 940 4095 1161 1184 1230 1206 1296 1301
215 333 635 4095 1224 1181 1233 1220 1299 1336
207 358 600 4095 683 1201 1213 1221 1298 4095
208 614 628 4095 1401 1188 1211 1216 1299 1318
216 615 678 4095 774 1186 1204 1226 1298 1372
220 378 509 4095 1579 1189 1226 1214 1299 1424
203 380 525 4095 1144 1192 1219 1226 1297 1339
211 411 713 4095 991 1183 1217 1222 1297 1332
200 344 695 4095 927 1193 1234 1215 1299 1486
221 349 674 4095 1613 1180 1225 1222 1297 1303
209 310 1006 4095 1049 1200 1250 1216 1299 1330
200 314 614 4095 559 1193 1239 1227 1299 4095
190 401 670 1976 744 1165 1195 1194 1298 1292
200 339 681 4095 1145 1192 1227 1210 1298 1326
208 350 497 4095 884 1195 1230 1213 1298 1345
227 339 756 4095 2129 1180 1230 1211 1297 1297
207 406 917 4095 1197 1191 1211 1219 1298 1319
205 364 640 4095 1484 1192 1215 1226 1297 1355
202 395 528 4095 863 1188 1211 1210 1297 1333
207 437 909 4095 1074 0 1216 1215 1297 79
209 500 711 4095 2263 1180 1187 1228 1299 1292
207 409 656 4095 898 1189 1214 1215 1298 1354
232 371 970 4095 2535 1185 1239 1224 1298 1303
208 339 677 4095 1439 1188 1244 1216 1300 1331
208 327 671 4095 1156 1193 1222 1216 1297 1331
210 355 689 4095 1084 1182 1223 1226 1297 1334
203 371 518 4095 614 1189 1213 1231 1297 4095
200 348 544 4095 732 1200 1223 1243 1298 1483
215 387 714 4095 2335 1187 1213 1205 1298 1300
233 366 572 4095 1038 1180 1233 1222 1297 1329
211 362 532 4095 978 1192 1229 1224 1298 1331
224 484 1049 4095 1109 1190 1210 1211 1298 1313
204 355 779 4095 1326 1187 1224 1212 1298 1339
213 440 640 4095 2681 1191 1213 1229 1296 1284
206 376 598 4095 973 1192 1226 1214 1297 1360
221 351 696 4095 1514 1192 1226 1216 1298 1305
202 335 539 4095 953 1187 1211 1226 1297 4095
214 370 534 4095 3737 1186 1224 1230 1297 1286
206 377 699 4095 1089 1192 1219 1227 1297 1291
221 425 682 4095 1369 1284 1119 1324 1171 1212
200 361 865 4095 953 1175 1211 1204 1296 1297
218 425 1113 4095 1641 1182 1222 1210 1298 1305
208 360 803 4095 1720 1181 1215 1209 1296 1309
232 407 689 4095 839 1182 1211 1205 1296 1377
260 448 1373 4095 2904 1176 1209 1203 1298 1290
199 351 667 4095 1252 1181 1210 1207 1297 1304
213 529 489 4095 878 1197 1207 1236 1299 1318
210 328 460 4095 1128 1193 1239 1215 1300 1317
208 361 470 4095 1496 1180 1227 1226 1297 1318
211 348 926 4095 1041 1193 1220 1209 1297 1360
212 351 837 4095 810 1188 1217 1222 1298 1330
205 408 646 4095 1137 1187 1217 1232 1296 1310
201 428 532 4095 686 1192 1209 1227 1298 4095
201 324 580 4095 1017 1188 4095 1204 1298 1342
207 352 908 4095 973 1178 1212 1215 1305 1304
206 394 579 4095 1885 1185 1212 1218 1299 1307
209 329 806 4095 1224 1181 1225 1216 1297 1314
201 489 572 4095 898 1188 1211 1221 1298 1337
208 336 702 4095 1325 1183 1214 1209 1296 1317
213 357 693 4095 3169 1188 1220 1214 1298 1289
210 328 724 4095 968 1198 1213 1219 1297 1407
204 350 475 4095 875 1196 1248 1222 1299 1322
200 344 628 4095 1057 1187 1220 1222 1297 1314
217 332 991 4095 1090 1181 1233 1216 1297 1322
218 410 716 4095 1380 1185 1212 1219 1297 1305
202 319 566 4095 806 1188 1220 1224 1297 1342
202 322 714 4095 1077 1192 1219 1225 1297 1314
210 352 1060 4095 959 1186 1221 1212 1296 1322
224 318 614 4095 1675 1182 1238 1225 1299 1301
204 786 513 4095 2157 1188 1198 1222 1300 1283
202 341 597 4095 479 1182 1217 1223 1297 4095
209 320 341 4095 889 1202 1227 1243 1298 1343
214 369 570 4095 1347 1183 1225 1229 1297 1417
202 344 459 4095 977 1184 1229 1230 1298 1330
204 376 723 4095 862 1198 1218 1216 1297 1340
209 362 582 4095 1329 1200 1222 1222 1298 1301
219 366 618 4095 664 1183 1218 1232 1297 1352
205 342 619 4095 1170 1190 1233 1214 1298 1321
214 475 598 4095 1662 1190 1213 1222 1297 1300
203 321 688 4095 1176 1198 1228 1216 1298 1318
208 372 623 4095 1185 1189 1226 1214 1298 1322
205 354 616 4095 1066 1194 1210 1209 1298 1311
201 318 699 4095 1752 1190 1222 1219 1296 1407
208 455 675 4095 1027 1184 1210 1231 1298 1377
201 345 560 4095 707 1192 1223 1210 1297 1320
217 326 750 4095 2654 1195 1222 1223 1296 1260
246 409 403 4095 2333 1190 1215 1230 1297 1307
211 381 790 4095 1689 1180 1217 1223 1297 1292
227 403 2887 4095 1726 1194 1221 1204 1296 1424
210 369 781 4095 2921 1207 1229 1217 1299 1289
200 366 627 4095 819 1194 1222 1218 1298 1333
202 379 633 4095 920 1185 1215 1209 1297 1379
202 382 779 4095 678 1184 1211 1219 1298 1384
201 368 545 4095 1243 1188 1239 1227 1299 1318
228 386 546 4095 1252 1180 1218 1214 1296 1322
209 343 714 4095 970 1187 1225 1217 1298 1340
217 374 756 4095 665 1180 1219 1216 1297 4095
203 427 767 4095 781 1194 1213 1213 1297 1320
253 352 1428 4095 2205 1201 1213 1218 1298 1305
210 327 525 4095 721 1189 1238 1221 1299 1315
207 361 774 4095 1226 1181 1244 1213 1299 1349
204 336 711 4095 1428 1197 1227 1217 1296 1301
210 332 712 4095 1719 1178 1226 1225 1297 1306
207 424 651 4095 1088 1188 1216 1217 1296 1307
204 327 609 4095 1162 1189 1225 1226 1297 1351
193 307 566 4095 794 1199 1219 1218 1298 1322
209 353 586 4095 1032 1182 1240 1223 1300 1335
206 344 823 4095 1342 1183 1234 1207 1297 1313
220 352 518 4095 1588 89 1224 1219 1298 296
210 516 662 4095 3318 1193 1209 1222 1297 1290
208 434 1049 4095 1130 1185 1212 1212 1297 1341
203 344 348 4095 1536 1189 1216 1241 1297 1294
203 354 592 4095 915 1186 1240 1226 1299 1343
207 331 938 4095 498 1187 1230 1209 1297 4095
218 397 524 4095 1059 1185 1216 1226 1297 1343
201 594 641 4095 710 1196 1205 1215 1299 1408
220 352 1220 4095 1477 1181 1214 1210 1296 1306
214 359 564 4095 1264 1186 1212 1221 1297 1308
213 339 717 4095 562 1190 1218 1212 1297 1327
208 412 581 4095 796 1186 1214 1228 1298 1360
218 368 755 4095 508 1189 1217 1227 1298 1305
207 359 829 4095 1085 1187 1217 1213 1296 1312
212 353 700 4095 984 1193 1215 1213 1297 1320
212 445 565 4095 649 1181 1209 1221 1298 1368
207 566 611 4095 2291 1185 1200 1208 1299 1301
264 356 1130 4095 2873 1167 1223 1206 1296 1295
227 322 909 4095 1535 1197 1230 1215 1297 1404
141 293 483 4095 444 1190 1216 1226 1297 4095
202 333 683 4095 1848 1192 1238 1221 1300 1303
202 313 831 4095 1058 1182 1220 1222 1296 1313
239 354 552 4095 812 1174 1219 1224 1296 4095
215 351 586 4095 1132 1192 1224 1216 1298 1314
206 394 692 4095 926 1195 1220 1225 1297 1415
203 375 608 4095 1094 1197 1212 1223 1297 1314
205 325 737 4095 1058 1197 1226 1213 1299 1323
217 351 1090 4095 1524 1187 1230 1219 1298 1317
219 432 636 4095 966 1184 1209 1219 1298 1313
203 408 593 4095 773 1194 1212 1229 1297 1544
217 732 1592 4095 2319 1212 1200 1204 1298 1290
206 353 338 4095 1458 1182 1218 1229 1296 1281
210 495 642 4095 2854 1184 1211 1221 1298 1295
203 332 647 4095 1956 1186 1234 1223 1298 1445
235 352 812 4095 523 1182 1214 1212 1297 4095
210 406 376 4095 1064 1189 1220 1239 1297 1340
200 336 587 4095 929 1181 1217 1229 1296 1320
214 409 619 4095 645 1187 1214 1225 1297 1377
200 327 554 4095 679 1194 1223 1223 1297 1349
206 354 546 4095 1072 1181 1215 1224 1297 1317
206 337 536 4095 1391 1211 1234 1226 1299 1362
195 462 779 2304 1088 1178 1199 1195 1297 1399
220 362 559 4095 1184 1186 1214 1213 1297 1303
209 341 581 4095 1689 1196 1231 1220 1298 1311
222 393 646 4095 1994 1185 1209 1225 1297 1315
205 395 851 4095 1151 1191 1221 1210 1297 1331
197 570 738 2742 1235 1181 1206 1210 1298 1333
215 365 507 4095 2621 1186 1224 1233 1297 1297
205 344 585 4095 1264 1196 1229 1230 1298 1299
217 352 1132 4095 1092 1196 1231 1204 1297 1315
201 331 578 4095 1238 1180 1216 1211 1297 1310
205 388 625 4095 1296 1179 1216 1220 1297 1328
212 559 509 4095 851 1189 1206 1232 1297 1348
213 394 600 4095 1439 1176 1217 1220 1297 1347
193 347 777 4095 660 1188 1218 1205 1297 1347
207 386 649 4095 1408 1183 1224 1224 1298 1343
235 486 596 4095 1285 1186 1212 1214 1297 1343
202 354 589 4095 1513 1196 1210 1216 1297 1312
217 359 684 4095 1080 1183 1234 1226 1297 1431
212 399 633 4095 803 1200 1217 1220 1298 1372
207 506 819 4095 1431 1201 1209 1213 1298 1304
207 343 656 4095 840 1203 1210 1219 1299 1301
203 333 552 4095 1214 1193 1217 1212 1298 1310
216 519 580 4095 1708 1180 1210 1220 1298 1302
201 363 559 4095 787 1195 1219 1216 1297 1314
205 318 893 4095 784 1177 1218 1213 1296 1329
200 652 575 4095 876 1193 1204 1237 1298 1323
202 687 545 4095 768 1196 1205 1220 1298 4095
214 384 700 4095 1345 1191 1221 1209 1298 1299
214 388 723 4095 836 1193 1225 1213 1297 4095
217 461 859 4095 994 1182 1217 1205 1297 1334
202 330 696 4095 851 1190 1221 1214 1298 1344
205 379 1528 4095 1349 1193 1227 1209 1297 1301
209 375 649 4095 857 1180 1215 1228 1296 1337
233 361 521 4095 1481 1186 1219 1229 1296 1301
213 377 680 4095 2596 1191 1215 1213 1297 1289
225 437 695 4095 1262 1281 1319 1318 427 1413
211 319 643 4095 1121 1184 1227 1225 1298 1351
216 329 721 4095 1046 1187 1220 1221 1298 1312
215 366 818 4095 1870 1197 1233 1216 1299 1316
205 391 630 4095 657 1189 1213 1209 1297 1344
199 341 560 4095 980 1186 1217 1222 1297 1323
204 389 486 4095 1053 1181 1213 1226 1297 1326
245 435 866 4095 4095 1192 1222 1275 1298 1311
