326 432 512 972 2106 1248 1214 1239 1298 1294
1987 362 354 1041 1384 1219 1216 1253 1298 1308
1494 340 602 905 965 1221 1208 1209 1297 1351
2325 385 904 916 1020 1226 1213 1220 1297 1306
2396 384 754 990 1592 1222 1212 1218 1297 1293
3554 327 694 808 1205 1211 1219 1222 1297 1317
1019 702 473 979 1119 1226 1201 1223 1298 1306
2685 344 627 1167 795 1223 1231 1216 1299 1338
1446 571 563 916 3443 1223 1204 1221 1299 1288
3256 326 633 949 806 1216 1212 1211 1297 1307
2704 391 486 888 927 1220 1212 1229 1298 1556
1688 355 575 912 1092 1216 1211 1223 1297 1334
2949 352 604 929 1635 1219 1214 1209 1297 1307
2098 329 762 916 2749 1231 1228 1219 1297 1327
1784 309 529 1009 1772 1219 1219 1219 1298 1384
1557 337 572 837 1863 1218 1229 1224 1297 1290
2140 327 486 936 560 1223 1225 1226 1298 4095
1318 314 520 738 1277 1201 1231 1223 1297 1302
1260 307 518 905 1784 1224 1217 1212 1298 1297
1643 313 605 1179 863 1226 1235 1209 1299 1318
1156 309 1237 445 242 1220 1212 1204 1297 1318
1398 307 350 1036 433 1210 1234 1210 1299 1312
1518 403 1023 917 1825 1225 1210 1215 1298 1294
2120 393 496 1099 764 1223 1212 1231 1298 4095
1196 338 550 1658 418 1232 1221 1232 1296 4095
1082 426 551 1143 852 1228 1217 1220 1297 1313
659 326 560 2108 3492 1223 1220 1219 1308 1394
694 496 980 953 4095 1234 1201 1211 1299 1376
1459 295 599 956 1075 1225 1231 1213 1298 1307
2823 311 567 815 1300 1221 1224 1221 1298 1313
2663 362 568 767 1241 1217 1215 1216 1297 1294
1471 281 462 924 821 1222 1225 1224 1298 4095
2096 324 608 1079 1700 1215 1232 1218 1298 1292
1842 346 568 1371 842 1217 1241 1224 1299 1319
3803 335 753 977 701 1218 1242 1225 1301 1314
2115 326 631 1872 1393 1230 1230 1230 1298 1328
925 315 346 783 1009 1230 1220 1240 1297 1301
2114 367 703 874 4095 1219 1218 1218 1297 1286
4095 414 711 959 966 1216 1212 1210 1297 4095
1640 364 510 1064 1482 1229 1244 1226 1300 1308
1198 339 438 962 1627 1216 1218 1229 1297 1294
1432 397 541 1218 1089 1223 1211 1217 1298 1316
2984 327 595 1236 972 1227 1236 1222 1300 1343
2287 500 551 1580 714 1224 1212 1222 1297 4095
2263 347 878 1006 855 1231 1234 1219 1300 1378
1328 309 516 923 889 1226 1231 1220 1299 1336
2331 302 646 530 1339 1216 1239 1215 1299 4095
1129 457 742 935 1418 1230 1204 1212 1298 1322
2750 343 748 939 764 1230 1219 1217 1298 4095
1786 344 770 749 601 1217 1212 1208 1296 4095
1353 406 619 1259 1049 1216 1211 1215 1298 1340
1293 338 915 936 1167 1218 1226 1216 1298 1320
740 333 415 927 1060 1230 1214 1244 1298 1296
1819 293 572 828 1106 1223 1229 1218 1298 1305
2685 309 677 1061 1117 1224 1227 1227 1299 1331
1185 348 951 1044 1044 1212 1218 1207 1297 1372
1342 309 709 1307 1174 1231 1247 1214 1300 1299
1708 314 507 1018 1504 1218 1223 1217 1298 1334
2297 384 620 955 1100 1219 1229 1221 1297 1328
831 375 586 967 716 1226 1214 1218 1298 1309
1450 371 610 904 1373 1230 1213 1222 1297 1338
2756 355 1747 806 1539 1223 1212 1204 1297 1323
3614 326 539 878 1250 1216 1239 1226 1300 1303
1270 331 332 965 849 1220 1234 1245 1299 1321
2249 436 527 862 1541 1216 1212 1211 1298 1290
1952 358 920 920 1426 1220 1221 1215 1298 1317
1539 313 721 960 1094 1227 1253 1228 1300 1362
1524 442 1386 1432 769 1222 1211 1216 1298 1357
1305 345 896 2078 776 1236 1236 1222 1298 1332
2086 331 684 1492 1070 1225 1226 1224 1298 1326
1004 307 598 1056 1099 1222 1235 1217 1298 1310
1691 351 853 1479 1199 1219 1227 1219 1300 1346
2916 362 630 891 1293 1214 1229 1226 1298 1308
840 454 604 993 1291 1240 1209 1222 1298 1334
1755 361 578 993 769 1222 1213 1222 1298 4095
951 404 741 1458 1147 1228 1215 1225 1297 1313
2127 325 641 1657 688 1222 1222 1216 1296 1344
1861 339 676 1014 1228 1223 1218 1216 1297 1349
4095 582 534 1036 1838 1214 1208 1218 1299 1289
1486 308 788 906 513 1214 1211 1206 1297 4095
2469 351 642 1075 2001 1219 1207 1223 1298 1342
1415 321 668 743 1271 1215 1216 1218 1297 1332
1494 311 519 816 1889 1222 1230 1222 1298 0
1198 299 709 1120 720 1215 1232 1224 1298 4095
1590 313 642 956 998 1215 1220 1219 1298 1309
2230 455 587 1784 1579 1224 1211 1222 1302 1408
1228 318 687 1072 954 1238 1247 1218 1299 1320
2105 327 1272 832 1671 1215 1217 1216 1298 1307
1363 352 505 960 2592 1231 1222 1214 1298 1472
1771 324 936 1476 714 1240 1217 1218 1298 1317
2083 332 731 1556 4095 1219 1225 1223 1297 1348
2619 308 836 975 1146 1222 1227 1214 1298 1321
1506 320 601 829 985 1213 1221 1206 1297 1348
1760 310 1009 1012 961 1214 1217 1204 1296 1312
1568 351 661 652 825 1232 1226 1235 1298 1340
4095 340 489 1076 3124 1214 1219 1227 1297 1288
1070 353 750 912 567 1231 1213 1213 1298 4095
1804 304 597 913 937 1215 1222 1221 1298 1319
3563 439 735 1013 1702 1216 1209 1215 1296 1301
3438 326 1643 659 1969 1308 1023 1294 1101 1116
964 295 597 854 1104 1220 1219 1217 1297 1315
1595 334 692 953 543 1208 1216 1216 1292 4095
2315 299 585 1004 908 1218 1220 1213 1298 1355
1552 324 645 1223 1152 1223 1235 1233 1299 1295
4095 320 500 858 2206 1217 1219 1221 1297 1310
3814 484 594 969 1800 1216 1208 1215 1298 1311
2862 412 569 1012 1577 1228 1214 1228 1298 1367
2447 433 551 945 684 1216 1209 1220 1298 1398
3309 325 533 1067 1139 1220 1226 1220 1298 1331
1669 291 717 990 1016 1226 1234 1222 1299 4095
1718 377 1254 989 782 1220 1216 1206 1297 1313
1334 376 743 985 1142 1229 1222 1223 1298 1347
4095 332 1181 1286 1636 1223 1225 1214 1298 1318
1279 375 919 1104 651 1222 1213 1219 1299 1394
4095 355 678 931 3379 1218 1227 1220 1297 1287
1575 323 700 939 1077 1224 1231 1213 1298 1324
1498 331 487 840 1191 1216 1212 1216 1297 1328
2324 689 865 888 1184 1222 1206 1221 1299 1399
1810 469 708 871 851 1216 1203 1208 1298 1316
2276 454 523 823 792 1204 1195 1208 1299 1335
1063 391 505 1040 915 1221 1218 1229 1297 1353
1832 316 968 1287 887 1229 1248 1219 1300 1311
1778 453 618 1476 1515 1222 1212 1222 1299 1302
1801 323 774 1530 2807 1230 1235 1237 1299 1317
1901 351 620 888 1802 1228 1213 1219 1298 1324
2832 283 600 896 412 1229 1233 1216 1297 4095
1692 355 1215 1074 1481 1212 1218 1211 1297 1324
1616 333 533 902 768 1220 1208 1231 1298 1330
4095 339 457 1566 1216 1217 1217 1227 1297 1321
1459 328 1006 546 1800 1212 1221 1216 1297 1423
4095 346 634 910 856 1222 1211 1223 1298 4095
1858 316 573 1016 1016 1218 1236 1222 1298 1357
1618 354 1435 1810 4095 1214 1224 1221 1297 1304
1681 347 603 879 921 1233 1218 1227 1297 1327
1842 326 997 1117 1734 1222 1252 1212 1300 1307
1717 324 907 972 2781 1222 1218 1224 1298 1318
1455 313 1055 1511 4095 1234 1229 1208 1298 1510
2021 480 823 2097 1216 1229 1216 1215 1298 1628
2167 321 634 1189 1052 1222 1224 1216 1297 1309
1252 323 1083 1213 3705 1226 1229 1213 1297 1314
3797 314 656 1053 1331 1210 1224 1232 1298 1298
1906 357 660 917 1254 1215 1209 1214 1297 1296
3104 311 529 2126 1470 1224 1224 1223 1297 1318
1851 310 619 905 1811 1222 1244 1225 1300 1311
1541 297 508 1053 1088 1219 1221 1222 1296 1323
1174 353 558 1053 1131 1221 1220 1231 1297 1331
1298 301 702 806 1642 1227 1214 1211 1298 1323
2259 418 559 753 1380 1205 1198 1220 1300 1309
2075 323 742 1006 846 1224 1233 1216 1299 1347
1826 329 673 1394 869 1225 1227 1220 1298 1329
3821 330 697 966 1286 1223 1237 1219 1299 1416
1862 332 1184 1071 1304 1226 1225 1216 1298 1300
1643 330 541 1091 1064 1216 1233 1227 1298 1341
3440 298 381 914 742 1222 1221 1239 1297 1318
2105 344 467 980 1969 1218 1221 1219 1296 1296
1558 318 759 1121 686 1223 1224 1218 1298 1346
1357 306 586 1089 806 1223 1220 1217 1297 1376
1769 318 648 968 864 1235 1215 1214 1297 1486
2631 448 698 879 1790 1226 1206 372 1299 405
1795 309 942 1042 1048 1217 1226 1211 1302 1303
1576 339 703 1149 1532 1224 1213 1214 1298 1329
1387 338 666 1046 1444 1228 1214 1220 1298 1313
3132 544 800 432 1996 1310 1299 1305 2301 0
3382 280 615 1376 1132 1222 1248 1226 1302 1319
1605 304 535 1368 1085 1224 1222 1226 1298 1357
2875 319 739 1060 1273 1220 1218 1224 1297 1412
1262 309 403 1009 1604 1220 1221 1240 1297 1331
1700 369 592 1160 2181 1237 1184 1219 1302 1289
1872 470 631 944 1547 1226 1202 1218 1299 1296
1514 299 592 1154 2335 1228 1229 1225 1298 1300
1725 311 592 943 960 1221 1230 1222 1298 4095
1329 320 669 1098 3057 1230 1218 1216 1297 1286
2160 283 1197 442 1353 1216 1217 1210 1296 1323
3380 321 544 740 406 1222 1224 1218 1297 4095
3775 360 575 981 1376 1230 1216 1227 1298 1305
1573 286 510 843 1332 1215 1224 1228 1297 1295
1742 348 681 671 1315 1221 1243 1217 1299 1315
1359 393 433 946 1030 1217 1205 1242 1298 1340
1565 292 514 1884 1704 1226 1245 1224 1301 1312
3237 350 999 673 3167 1030 1022 1323 1095 1229
1989 365 623 973 899 1216 1219 1218 1297 1316
3658 372 507 844 1637 1211 1213 1216 1297 1302
1774 378 1014 645 648 1227 1215 1214 1298 1347
1676 419 548 1432 1372 1227 1211 1220 1298 1314
3698 324 713 1020 796 1211 1216 1225 1299 1354
1250 317 810 934 1686 1217 1218 1216 1297 1296
1221 410 619 915 1017 1226 1211 1219 1299 1455
1588 311 1254 1393 979 1226 1228 1211 1298 1335
3202 340 519 1561 1076 1228 1218 1225 1297 1339
1384 300 524 1010 930 1217 1234 1222 1299 1314
2611 419 1176 1356 1382 1084 1219 1083 1297 1214
1259 368 585 1087 1196 1229 1224 1228 1297 1302
4095 495 722 962 4095 1223 1210 1217 1298 1306
1809 335 748 1537 1148 1224 1212 1214 1298 1330
2338 307 634 855 511 1213 1221 1218 1298 4095
1576 295 574 969 1159 1225 1233 1222 1299 1312
2884 364 772 904 589 1222 1226 1219 1298 4095
2770 302 634 1013 777 1221 1219 1205 1297 1294
2183 295 641 856 1705 1218 1229 1219 1299 1300
1227 323 657 1015 603 1233 1228 1222 1297 4095
2202 317 693 914 1868 1218 1215 1221 1297 1334
1038 467 728 985 2204 1217 1205 1217 1299 1364
1378 295 638 874 821 1225 1215 1217 1298 1314
1218 314 748 1020 1502 1221 1219 1218 1296 1327
179 313 362 543 839 1307 992 933 1014 4095
1989 343 659 911 2793 1229 1214 1217 1298 1285
3041 360 553 1114 643 1217 1211 1215 1297 1446
1932 318 664 1236 1276 1223 1224 1206 1297 1352
2977 323 665 1325 962 1222 1224 1232 1297 1389
2257 385 621 837 1923 1217 1227 1218 1298 1303
1504 497 719 871 2691 1231 1205 1219 1298 1341
1227 314 613 1058 1057 1229 1218 1229 1305 1302
4095 419 1981 1790 2727 1216 1212 1207 1297 1306
2336 313 1065 861 687 1216 1220 1206 1295 4095
985 315 728 1117 952 1214 1221 1211 1297 1349
1380 316 677 974 4095 750 1232 1225 1299 840
2539 360 639 1286 1252 1220 1218 1218 1298 1311
1666 378 919 916 1177 1217 1207 1211 1298 1300
933 332 466 998 1137 1222 1233 1225 1300 1306
1706 424 1006 2197 599 1222 1214 1225 1298 4095
4095 285 598 2032 2115 1232 1234 1221 1299 1317
1689 312 638 1003 1808 1218 1226 1227 1297 1259
1948 285 599 980 1783 1220 1206 1209 1298 1289
1746 312 410 1006 973 1216 1243 1224 1300 1306
3926 354 688 1708 749 1205 1217 1225 1297 1337
1543 346 596 974 1063 1213 1209 1221 1298 1318
2762 377 752 858 1306 1224 1218 1227 1298 0
1459 281 541 705 1517 1232 1248 1218 1299 1310
1571 355 544 1445 1461 1228 1229 1221 1298 1311
2476 323 641 1052 1096 1223 1269 1214 1299 1327
4095 309 847 791 944 1217 1232 1215 1299 198
2058 341 657 977 521 1224 1215 1224 1298 4095
1921 307 631 1000 1016 1215 1235 1222 1298 1382
2657 317 500 1037 1895 1213 1217 1222 1298 1299
4095 757 656 893 3817 1224 1201 1219 1299 1286
1378 306 581 590 1263 1226 1225 1226 1297 1298
1909 294 393 831 727 1224 1230 1232 1298 1333
1369 293 533 921 990 1223 1246 1221 1301 1380
2256 307 583 896 540 1216 1226 1224 1298 1339
2241 365 659 1099 734 1217 1214 1217 1298 1312
1632 617 677 1559 4095 1227 1206 1216 1299 1285
1695 359 641 972 1447 1222 1214 1219 1298 1433
1532 319 436 1081 1073 1221 1230 1221 1297 1368
1544 340 687 911 1477 1227 1218 1226 1297 1341
1992 312 715 911 1043 1211 1241 1207 1299 1349
1968 275 520 1199 930 1221 1229 1222 1297 1329
1208 321 495 1371 811 1229 1228 1223 1298 1374
2994 324 539 1098 1343 1213 1218 1214 1297 1426
1261 355 1015 1157 4095 1216 1228 1213 1298 1324
1397 317 610 938 1664 1210 1219 1217 1297 1319
1666 312 458 816 1371 1216 1220 1240 1297 652
1684 359 774 1152 1328 1228 1210 1216 1298 1351
4095 329 567 941 4095 1217 1218 1222 1296 1318
1418 303 493 976 602 1218 1216 1226 1297 1406
2276 339 657 917 1397 1208 1226 1215 1298 1307
1938 352 636 1353 1900 1229 1221 1223 1297 1303
1350 329 602 1165 1132 1222 1221 1218 1297 1476
2012 480 777 1547 3145 1224 1208 1221 1299 1284
1912 366 564 1119 1251 1215 1230 1210 1298 1312
1209 314 557 1128 1949 1232 1234 1223 1298 1311
1684 335 616 1309 1766 1227 1230 1215 1298 1359
4095 330 974 1730 1132 1205 1230 1218 1297 1320
1513 294 748 1015 1030 1225 1219 1209 1297 1364
4095 321 483 827 1360 1212 1216 1221 1298 1325
1180 304 808 1211 2076 1224 1224 1212 1297 1293
1576 454 615 888 908 1211 1210 1220 1299 1330
3074 367 614 862 838 1225 1219 1218 1297 4095
2853 335 775 1508 1399 1217 1214 1216 1297 1302
4095 322 627 918 905 1210 1217 1220 1297 1362
3149 400 857 949 1484 1225 1232 1219 1299 1392
1889 465 676 1542 1486 1221 1211 1223 1298 1316
3612 387 686 929 949 1227 1213 1223 1297 4095
2104 339 686 954 1313 1219 1207 1211 1298 1324
2627 399 661 944 797 1227 1205 1208 1299 1313
1686 637 881 1122 1363 1232 1209 1228 1297 1318
1212 371 635 932 2721 1216 1217 1222 1297 1308
3549 407 905 1338 1235 1215 1208 1207 1298 1299
390 330 197 1370 2656 824 1326 822 891 902
1622 381 730 851 804 1225 1214 1218 1298 1343
1661 299 869 1123 957 1215 1223 1208 1297 1433
4095 617 2556 1169 4095 1219 1207 1200 1298 1288
203 317 461 965 560 1308 1202 1208 1275 4095
2275 341 821 912 1536 1235 1211 1218 1300 1317
1403 273 624 1148 574 1219 1219 1218 1299 4095
4095 401 572 977 2073 1214 1209 1214 1298 1313
1972 400 601 1043 743 1233 1215 1219 1298 4095
2490 376 525 777 1521 1216 1229 1228 1299 1305
3987 556 717 580 1455 1201 1194 1206 1298 1290
2257 335 1130 1719 1959 1224 1232 1222 1299 1297
1457 294 855 1414 1734 1230 1224 1206 1298 1317
1521 378 1171 1767 1155 1222 1237 1217 1299 1304
2333 361 566 923 1350 1221 1226 1226 1297 1299
1860 300 589 821 1063 1219 1231 1215 1297 1314
1386 425 996 916 1465 1212 1197 1207 1298 1300
2897 368 450 937 740 1213 1215 1216 1298 1363
1277 351 899 667 1374 1221 1209 1207 1298 1316
1714 318 561 978 1488 1219 1247 1219 1300 1318
1152 312 626 1046 2170 250 1235 1211 1298 1292
2228 313 602 612 731 1223 1218 1224 1297 4095
955 304 795 1209 2031 1243 1222 1220 1299 1296
736 344 655 1258 1644 1228 1233 1222 1299 1327
1731 490 526 889 835 1219 1208 1224 1297 1359
3068 306 623 1282 1093 1221 1228 1217 1298 1334
2133 283 543 765 1939 1212 1222 1218 1297 1315
4095 326 691 1006 1798 1216 1220 1223 1297 1297
1882 381 605 781 1292 1228 1212 1217 1298 1312
1746 345 674 905 1484 1216 1226 1215 1297 1299
4082 652 569 1025 1958 1210 1201 1220 1299 1306
1427 326 691 1064 753 1219 1214 1216 1298 4095
1054 368 896 987 2091 1228 1218 1218 1297 1480
1759 323 512 506 1479 1218 1214 1217 1296 1308
2234 310 597 1009 389 1217 1238 1238 1299 4095
1477 321 747 920 1701 1220 1223 1216 1297 1311
3249 332 538 1368 1518 1234 1213 1236 1298 1291
2030 364 721 1087 1040 1219 1213 1215 1299 1348
2024 347 659 937 1681 1222 1222 1219 1297 1336
2226 872 670 2470 1641 1231 1202 1223 1300 1307
1411 459 580 821 1510 1211 1210 1220 1299 1316
3066 310 688 1059 937 1226 1225 1222 1298 1343
1731 340 1010 960 1313 1216 1214 1208 1297 1324
1320 329 1023 1200 980 1218 1215 1211 1297 1310
3326 413 576 981 2023 1216 1207 1225 1297 1314
2956 286 324 878 947 1220 1235 1233 1299 1383
1436 431 473 907 1114 1227 1206 1260 1299 1305
1268 315 667 956 886 1212 1233 1226 1298 4095
1536 318 423 962 1969 1239 1223 1225 1297 1322
1981 318 584 891 1026 113 1222 1229 1294 1309
1165 313 620 1022 1736 1224 1248 1220 1300 1321
1917 312 689 663 873 1218 1212 1209 1298 1340
4095 509 589 943 983 1209 1203 1228 1298 1335
2451 341 593 1288 676 1230 1217 1230 1298 4095
1298 468 981 1009 513 1225 1211 1219 1299 4095
1201 335 571 982 1297 1221 1216 1218 1298 1321
1815 342 584 1160 1656 1224 1230 1229 1299 1310
1347 353 484 1265 1139 1227 1215 1220 1298 1334
1838 307 574 881 1252 1228 1218 1229 1298 1316
1826 398 584 800 835 1207 1214 1225 1297 1357
3644 325 606 962 1223 1214 1225 1224 1297 3
1168 326 718 1004 1437 1227 1217 1216 1298 1313
2152 343 854 890 1100 1225 1219 1214 1299 1377
1874 317 599 970 1424 1235 1216 1223 1296 1307
2221 377 611 1116 1196 1224 1209 1216 1299 1299
912 320 597 762 1666 1230 1223 1215 1298 1302
1392 384 649 266 1214 1211 1202 1207 1298 1304
2406 353 527 958 1483 1223 1207 1229 1299 1321
2003 355 580 474 1183 1224 1216 1218 1296 1303
1653 319 624 982 447 1227 1223 1222 1298 4095
2898 363 552 891 2404 1211 1211 1215 1299 1415
4095 368 611 1286 1165 1205 1214 1234 1298 1360
1151 297 733 873 768 1230 1234 1216 1299 1337
2237 332 610 995 1276 1210 1227 1217 1298 1332
3637 416 708 917 1163 1217 1211 1219 1298 1308
1889 296 604 1331 1037 1220 1230 1219 1298 150
1303 295 610 344 1831 1205 1212 1207 1297 1300
2481 322 919 1278 757 1216 1244 1218 1300 1353
2771 558 617 1093 1692 1227 1209 1224 1298 1301
1989 384 838 839 2061 1258 1200 1231 1300 1293
1663 335 651 862 715 1228 1233 1221 1299 1337
349 344 270 2775 1042 1237 1221 1264 1289 1332
2368 304 539 864 2092 1214 1216 1225 1298 1314
1736 487 675 920 1401 1227 1205 1228 1299 1310
1933 344 610 849 1173 1225 1210 1222 1299 1363
1994 311 922 1080 1487 1214 1219 1213 1297 1291
1227 291 626 1005 1153 1219 1237 1222 1298 1348
4095 338 595 904 1622 1227 1219 1219 1298 1291
1627 382 626 884 982 1221 1203 1216 1298 1320
2113 305 666 961 885 1227 1245 1214 1300 1339
1451 356 580 1499 752 1222 1227 1220 1298 1309
1039 283 778 887 1286 1221 1247 1219 1299 1424
1938 310 787 1079 1202 1217 1238 1227 1299 1359
3840 306 591 989 2035 1227 1225 1216 1299 1414
1244 269 502 944 1431 1225 1247 1228 1301 1296
1078 312 1963 1607 1470 1220 1231 1213 1298 1336
1552 326 1543 1107 1713 1221 1230 1205 1298 1297
2772 316 518 924 1042 1223 1226 1215 1298 1298
2050 298 606 1254 872 1227 1241 1220 1300 1366
2615 316 519 1007 1790 1212 1219 1225 1297 1295
1754 321 667 1017 1185 1222 1214 1212 1298 1310
1306 504 417 915 1104 1215 1203 1229 1298 1303
1763 306 757 1017 1110 1222 1235 1216 1299 1358
925 574 673 2031 2310 1216 1208 1210 1298 1302
3092 336 533 986 2788 998 1224 1217 1298 1086
1508 311 752 1182 601 1220 1220 1219 1296 1360
1112 534 373 954 1112 1221 1199 1214 1300 1301
1687 299 655 929 1930 1219 1219 1228 1297 1292
1880 349 1521 934 1440 1222 1214 1208 1298 1299
2835 311 912 1123 1601 1232 1220 1221 1297 1347
2686 299 441 1198 525 1229 1211 1234 1298 4095
1434 317 687 890 690 1223 1228 1223 1297 1328
2108 361 616 191 1052 1202 1199 1205 1298 1312
1687 372 505 966 857 1228 1221 1222 1298 1308
1176 317 626 1507 2183 1221 1220 1221 1299 1328
1440 344 748 885 1126 1230 1207 1219 1299 1339
2504 350 474 2137 808 1222 1227 1237 1298 1349
1963 329 841 1611 1256 1220 1221 1210 1297 1312
1725 314 535 1226 2020 1227 1223 1218 1298 1290
1203 304 759 1109 648 1224 1216 1214 1299 1341
1372 330 739 1274 1090 1226 1221 1217 1298 1365
1835 299 643 186 1049 1185 1205 1186 1298 1281
1617 296 527 1045 926 1227 1214 1227 1297 1305
1382 364 590 1120 1404 0 1212 1218 1299 0
1279 341 611 944 737 1222 1212 1220 1298 4095
1840 329 738 884 1023 1215 1224 1216 1298 1323
2418 432 676 839 934 1228 1209 1211 1297 1331
1333 677 613 943 2171 1216 1207 1225 1298 1308
1359 331 559 1070 1434 1225 1219 1223 1299 1300
2470 285 580 1120 1078 1217 1221 1216 1298 1317
2182 289 805 1095 934 1217 1227 1216 1297 1313
1933 335 412 1428 2078 1230 1215 1221 1297 1290
1654 325 588 1593 4095 1221 1215 1220 302 1299
2597 589 673 981 1105 1224 1205 1225 1298 1298
1702 400 610 1034 1683 1240 1211 1219 1298 1301
1444 302 809 1446 918 1223 1224 1220 1298 1335
2145 406 735 1006 1137 1223 1206 1212 1299 1300
2488 298 602 600 916 1217 1225 1238 1298 1307
2450 315 884 955 1248 1222 4095 1203 1299 1323
2024 312 568 846 940 1221 1233 1217 1298 1306
1279 328 497 518 626 1222 1218 1228 1297 4095
1290 286 707 933 1125 1227 1226 1211 1298 1303
2510 366 967 922 357 1207 1211 1218 1300 4095
2635 283 747 1070 1264 1207 1239 1216 1300 1337
2226 312 587 847 776 1219 1221 1218 1298 1317
2371 357 806 1149 2069 1213 1211 1212 1298 1322
1663 314 709 983 1244 1227 1230 1214 1298 1312
1038 323 769 950 803 1226 1216 1214 1297 1312
1880 284 643 663 1040 1212 1230 1213 1297 1340
2156 307 581 892 1048 1209 1218 1219 1298 1354
3968 328 549 831 1521 1220 1226 1243 1298 1308
2156 327 674 647 1250 1220 1216 1225 1297 1302
1568 362 981 1556 833 1217 1209 1215 1298 4095
1762 322 890 1081 1185 1224 1228 1216 1298 1573
1545 528 821 990 1120 1218 1198 1211 1298 1320
3449 339 541 904 923 1218 1215 1220 1297 1333
2178 449 583 891 1102 1224 1215 1237 1297 1315
1753 408 596 862 2284 1216 1208 1220 1298 1316
2824 342 618 725 1559 1226 1220 1220 1297 1327
1648 291 497 1027 628 1224 1232 1216 1298 1400
1390 456 697 916 4095 1222 1203 1207 1298 1280
1436 313 713 1001 445 1220 1222 1219 1297 4095
2411 532 892 1010 1275 1229 1205 1217 1298 1325
1953 327 555 1040 1008 1225 1219 1224 1297 1320
1146 292 541 897 1164 1227 1231 1216 1298 1314
1606 321 796 1363 1065 1220 1235 1216 1297 1327
1787 295 718 893 1027 1224 1234 1214 1301 1343
2004 279 767 1015 1464 1229 4095 1222 1300 1318
2880 307 541 1082 1922 1218 1221 1216 1298 1306
3314 297 723 942 1234 1217 1224 1225 1298 1315
1525 306 675 978 1253 1221 1221 1225 1297 1311
1457 328 467 1057 1527 1219 1218 1235 1297 1310
1335 275 623 996 1380 1217 1219 1216 1298 1363
2446 452 652 1607 1842 1232 1210 1225 1298 1289
1022 301 719 1071 1041 1221 1217 1216 1297 4095
1730 342 753 907 3628 1222 1222 1217 1297 1298
1211 309 556 804 537 1216 1237 1223 1299 4095
2147 301 733 891 2154 1220 1248 1220 1300 1308
847 306 638 929 1244 1223 1219 1211 1297 1319
404 432 600 966 1111 1238 1213 1228 1297 1319
1663 331 598 1014 1030 1218 1212 1213 1298 186
2108 389 534 1016 1117 1217 1221 1226 1297 1303
1482 322 638 1017 860 1229 1218 1229 1298 1355
2068 337 674 811 1180 1218 1212 1225 1297 1432
1318 304 913 813 954 1223 1216 1219 1298 1361
1715 290 509 989 894 1232 1223 1223 1298 1325
1996 336 709 913 1047 1224 1222 1218 1297 1319
984 302 724 1343 1445 1234 1228 1223 1298 0
2198 335 626 917 873 1214 1209 1210 1298 1311
2920 438 972 1840 1543 1230 1213 1221 1297 1306
2469 482 705 912 1715 1222 1223 1217 1298 1422
434 370 977 962 1000 1237 1212 1210 1298 1354
3152 283 881 947 433 1221 1233 1218 1298 4095
1578 321 256 1119 1514 1100 1117 1328 1166 1200
2654 392 652 1319 931 1229 1219 1219 1298 1412
1944 298 688 1037 1482 1226 1234 1219 1299 1302
1574 341 622 1730 1002 1218 1227 1212 1297 1471
1263 329 539 981 2189 1230 1214 1221 1298 1296
1107 517 443 1257 1021 1224 1203 1217 1300 1328
1657 313 711 901 1690 1220 1212 1223 1298 1319
1834 324 725 1083 1219 1223 1230 1215 1298 1325
1586 544 463 802 1644 1232 1202 1217 1299 952
4095 333 550 864 1005 1221 1227 1231 1298 1391
1180 318 497 982 2447 1215 1232 1226 1298 1192
1703 286 671 989 1413 1218 1232 1215 1298 1288
1885 306 738 1475 3201 1222 4095 1221 1299 1292
1528 296 726 847 1191 1221 1226 1217 1299 1314
2024 367 706 941 2613 1215 1207 1210 1298 1290
1248 285 398 866 1382 1222 1237 1229 1299 1968
1871 567 723 901 2933 1225 1203 1217 1299 1295
1324 324 469 862 948 1215 1238 1231 1299 1313
1783 299 646 900 1030 1225 1252 1224 1300 1320
2719 312 607 1029 946 1217 1215 1219 1298 4095
1091 369 694 977 1321 1235 1206 1216 1298 1313
1778 327 941 908 1569 1228 1228 1220 1298 1311
1398 275 723 1196 1191 1236 1246 1224 1299 1346
1570 349 628 1035 1040 1215 1215 1222 1298 1309
1345 344 494 1070 709 1225 1221 1225 1298 4095
1401 437 585 819 2598 1224 1207 1218 1299 1278
2474 317 528 991 1693 1224 1217 1229 1298 1311
1810 303 841 1101 2275 1220 1226 1218 1298 1324
1589 305 591 923 840 1221 1230 1225 1299 1320
4095 360 508 959 1717 1219 1213 1223 1297 1291
1247 311 608 903 2122 1222 1233 1214 1298 1324
1781 328 621 957 781 1212 1211 1211 1298 1340
1164 308 1111 940 1344 1241 1214 1212 1296 1354
1662 409 632 1373 672 1219 1211 1222 1298 4095
1980 413 774 1311 947 1226 1217 1212 1298 4095
1662 389 489 982 1908 1225 1208 1222 1297 1297
2218 306 559 1034 1160 1231 1232 1231 1299 1333
2357 344 465 811 1284 1226 1215 1235 1298 1330
1083 325 641 890 833 1217 1207 1218 1299 1389
1974 309 591 938 1038 1214 1214 1226 1298 1290
1837 369 525 1052 1938 1219 1208 1224 1297 1303
1446 339 451 1023 1162 1215 1215 1232 1296 348
1004 322 1138 1942 1471 1236 1229 1228 1298 1323
1845 319 799 965 1067 1218 1215 1215 1299 1434
1650 276 545 1059 1402 1218 1225 1222 1297 1303
2178 299 687 1031 1050 1225 1239 0 1299 44
1440 296 664 972 1757 1227 1248 1226 1300 1348
3647 410 1681 812 1064 1224 1203 1206 1298 1325
2484 284 521 1200 1150 1211 1237 1213 1300 1312
1166 304 590 1428 623 1220 1232 1214 1298 4095
1836 312 569 1601 1443 1218 1218 1221 1297 1299
2539 298 817 963 1176 1226 1223 1218 1298 1309
2961 613 1131 2098 2024 1221 1218 1226 1296 1320
1248 322 688 991 988 1226 1217 1218 1298 1348
2391 478 809 866 1657 1220 1209 1206 1297 304
1717 336 519 1006 2235 1244 1211 1218 1298 1330
1660 300 868 948 1684 1212 1233 1205 1297 1289
1836 291 751 917 1776 1225 1227 1224 1298 1289
1859 281 648 884 118 1219 1223 1223 1298 4095
1353 425 344 1524 1210 1217 1210 1250 1298 1308
1444 328 739 356 1139 1211 1222 1214 1297 1322
1796 317 669 885 1007 1221 1246 1216 1300 1329
2840 315 721 909 1976 1218 1225 1222 1297 1302
4095 712 580 1032 1264 1212 1203 1223 1299 1308
3987 295 634 1185 1644 1208 1238 1222 1298 1294
2933 315 679 1266 1475 1225 1211 1220 1298 1297
1424 277 736 917 2258 1221 1217 1219 1297 1577
2057 294 672 1034 1585 1223 1226 1224 1298 1471
1434 295 827 1328 785 1227 1230 1222 1298 1356
1360 336 571 919 778 1225 1223 1219 1298 1375
1838 309 700 1056 980 1221 1240 1220 1299 1327
1970 333 784 1166 1994 1222 1220 1223 1296 1318
1061 315 1693 1880 2872 1308 1055 1281 1113 1398
1958 426 910 1054 1530 1215 1212 1227 1297 1289
2300 303 643 1100 757 1222 1232 1228 1298 1465
2577 565 1049 941 750 1217 1197 1216 1299 1311
1334 354 493 950 832 1217 1221 1220 1297 1328
892 399 643 1022 1063 1231 1210 1207 1297 1294
1465 312 593 935 2024 1210 1210 1209 1297 1290
2664 320 639 825 804 1224 1228 1217 1298 1316
1308 297 675 1018 806 1216 1232 1208 1298 1342
3915 429 658 1122 740 1219 1209 1228 1298 1325
1483 310 652 987 983 1230 4095 1222 1300 1325
1888 304 588 1237 1620 1224 1239 1228 1300 1299
2372 304 566 855 1589 1219 1224 1222 1297 1092
1527 293 850 988 1344 1226 1231 1217 1298 1307
2335 478 658 1972 2215 1232 1217 1225 1297 1155
1974 600 682 935 1365 1208 1198 1214 1299 1290
1913 301 589 888 1219 1225 1217 1218 1298 1451
4095 348 690 1059 787 1213 1232 1221 1298 4095
1236 422 1165 947 840 1220 1207 1205 1297 1301
1713 325 690 1922 1177 1228 1222 1219 1297 1314
4095 297 699 964 4095 1218 1223 1220 1298 1290
1416 318 346 955 1057 1222 1225 1258 1298 1312
1135 314 1041 816 1318 1232 1212 1210 1297 1317
1681 294 377 1089 1030 1214 1216 1211 1297 1285
1501 319 712 876 496 1226 1229 1215 1298 4095
1437 316 570 1756 2086 1224 1239 1223 1299 1306
1314 344 519 1036 1909 1223 1233 1216 1299 1298
1634 358 683 1036 2692 1228 1212 1217 1297 1306
1618 303 666 797 885 1227 1238 1220 1299 1336
4095 598 1312 906 2905 1207 1203 1212 1299 1282
1875 307 704 1446 994 1238 1222 1219 1298 1329
1998 359 1301 697 945 1217 1207 1214 1298 1653
2080 308 511 1027 1081 1216 1236 1222 1300 1377
1793 292 729 1620 1061 1223 1220 1230 1297 1323
2489 358 653 1017 1003 1217 1233 1220 1299 1312
3787 290 908 1020 2838 1222 1224 1223 1297 1292
1833 317 585 907 687 1227 1236 1223 1299 1349
1334 408 619 969 2582 1223 1208 1218 1297 1505
1753 607 509 1522 1343 1221 1208 1227 1298 1329
2637 370 1010 223 2084 1219 1199 1196 1298 1290
1785 323 592 930 1640 1231 1214 1232 1298 1293
1379 308 468 902 1266 1215 1227 1235 1297 1322
1801 325 809 1823 988 1227 1235 1219 1300 1307
2741 297 522 1072 1777 1218 1225 1227 1297 0
1776 280 577 911 1226 1227 1231 1211 1298 1317
1440 378 764 1627 1718 1227 1205 1210 1299 1294
1222 312 625 891 967 1231 1250 1213 1299 1356
1648 312 502 1247 2119 1222 1228 1212 1298 1307
1147 348 625 1079 1309 1222 1212 1220 1298 1309
1747 319 596 1017 1135 1224 1224 1216 1299 1482
1316 303 716 930 1561 1221 1222 1220 1297 1318
2166 279 462 857 2207 1214 1218 1225 1296 1307
1264 346 517 1056 985 1226 1222 1228 1298 1404
2981 333 550 940 588 1229 1213 1224 1298 4095
2600 393 886 1649 3895 1308 1307 1306 1263 1266
2456 313 734 823 933 1228 1249 1228 1300 1314
1765 330 887 935 1091 1224 1223 1215 1298 1323
1575 322 693 1011 755 1221 1211 1215 1298 1315
903 331 887 1769 1159 1223 1217 1210 1298 1311
1652 351 586 1071 1364 1230 1216 1226 1297 1294
1310 315 596 1101 602 1225 1210 1221 1297 4095
1234 286 703 930 1074 1221 1235 1220 1299 1327
1772 318 641 1458 877 1233 1234 1229 1299 1325
1658 315 503 923 1331 1210 1219 1224 1297 1312
1282 365 831 880 2137 1217 1220 1220 1297 1298
1575 320 604 1065 1043 1227 1227 1222 1298 1323
3550 348 564 960 1104 1218 1218 1224 1298 1342
895 290 359 1030 696 1223 1218 1221 1298 1326
1374 377 654 967 1046 1218 1212 1219 1298 1358
1781 310 634 1102 1483 1217 1221 1211 1298 1297
1313 313 597 965 2179 1223 1226 1221 1297 1293
1381 313 477 918 757 1221 1214 1229 1298 1314
2103 409 590 1162 962 1228 1207 1228 1299 1365
1969 361 705 1061 855 1214 1208 1213 1298 1314
812 372 367 925 1003 1240 1211 1240 1297 1326
3515 316 805 1003 879 1222 1237 1211 1298 1339
3594 302 420 1097 969 1215 1228 1252 1298 1309
1648 272 516 1003 2466 1219 1232 1220 1298 1308
1452 294 609 822 1456 1215 1211 1220 1297 1301
2690 523 565 1451 1137 1227 1208 1229 1299 1344
1440 669 513 901 2949 1229 1205 1230 1298 1291
1249 303 553 924 1404 1219 1241 1219 1300 1297
1827 328 615 921 1772 1224 1228 1219 1298 1292
2406 307 655 1438 1216 1226 1227 1214 1298 1323
4095 375 685 1168 789 1208 1220 1211 1297 1340
2375 393 642 1216 1037 1214 1217 1214 1297 1328
3502 339 518 1046 1009 1220 1227 1227 1298 1314
1336 355 591 1231 1458 1217 1217 1227 1298 1356
1916 385 635 810 1051 1215 1214 1214 1298 1302
1965 319 600 1320 1695 1211 1220 1230 1297 1306
1334 317 1065 2045 445 1224 1218 1219 1298 4095
1745 313 940 1242 1314 1227 1221 1219 1298 1326
1571 343 706 992 1338 1219 1221 1221 1296 1320
1693 317 720 798 1220 1226 1217 1211 1298 1312
2820 251 470 1045 1331 1220 1226 1218 1297 1311
1415 306 475 902 1261 1221 1219 1230 1298 1293
1770 387 660 924 826 1236 1223 1221 1298 1371
2944 266 703 973 2850 1226 1214 1213 1298 1312
1159 392 520 1021 1603 742 1220 1226 1296 1298
1445 335 1878 1728 2294 1208 1220 1214 1297 1307
1607 338 642 860 1459 1218 1210 1221 1298 1334
1184 328 663 1537 569 1226 1224 1220 1298 4095
4095 364 622 1046 501 1211 1225 1218 1298 4095
924 291 443 1222 610 1225 1245 1252 1300 1379
2060 449 583 958 1783 1222 1210 1219 1298 1298
2088 286 904 986 896 1221 1220 1219 1298 1484
2267 391 661 923 1285 1231 1215 1212 1296 1314
1245 296 800 1063 671 1240 1220 1211 1298 4095
1257 440 432 509 983 1218 1200 1222 1299 1332
2309 328 715 775 633 1213 1208 1210 1298 4095
2458 306 639 1057 888 1230 1237 1216 1299 1304
1795 290 678 873 1212 1219 1220 1215 1297 1295
1000 297 839 998 992 1220 1230 1220 1297 1321
1829 400 636 756 1159 1227 1212 1222 1298 1336
1666 285 608 908 867 1214 1222 1218 1298 1345
2976 307 714 846 2043 1235 1223 1214 1296 1312
995 489 887 576 1159 1211 1201 1205 1299 1304
4095 450 646 1325 1886 1220 1216 1224 1298 1839
1362 282 730 955 710 1221 1223 1212 1298 4095
2045 316 915 1314 1069 1213 1228 1209 1297 1292
1645 335 677 927 1407 1241 1221 1223 1298 1324
2099 287 643 1147 1970 1215 1235 1219 1299 1294
1254 306 688 993 1333 1216 1217 1214 1297 1295
1778 306 939 700 715 1222 1212 1217 1298 4095
1121 325 595 1932 1074 1243 1240 1228 1300 1316
1293 276 863 930 675 1224 1245 1207 1300 4095
2148 453 687 945 2763 1227 1204 1223 1299 1284
2009 291 665 1016 1276 1222 1229 1220 1297 1334
1537 373 872 1600 752 1213 1222 1211 1297 1311
1361 275 510 1170 645 1219 1228 1230 1298 1338
1276 372 750 890 1237 1217 1221 1217 1298 1304
2562 370 586 936 1050 1216 1214 1209 1297 1355
3859 453 1224 1499 2403 1221 1209 1214 1299 1298
4095 347 633 1407 954 1214 1223 1215 1297 1331
2739 355 916 1879 1090 1220 1218 1218 1298 1340
1092 311 523 1120 926 1225 1230 1234 1298 4095
1383 321 536 982 1163 1230 1214 1222 1298 1320
1739 285 555 1028 714 1232 1227 1224 1299 1388
1460 295 944 856 802 1212 1229 1214 1297 1314
2493 297 606 1003 1034 1213 1228 1213 1298 1303
1942 362 702 1098 1647 1222 1209 1217 1298 1422
1502 327 531 857 885 1214 1215 1219 1299 1316
3747 650 730 929 3072 1227 1210 1220 1298 1298
1223 399 702 980 1186 1216 1217 1217 1298 1320
1425 313 803 903 99 1223 1233 1211 1298 1335
1748 361 586 1110 1076 1226 1218 1221 1298 0
3033 457 552 962 1476 1225 1204 1219 1298 1328
1933 311 608 992 1220 1225 1208 1217 1298 1306
2288 303 470 930 596 1211 1221 1230 1297 4095
1055 311 799 1193 1487 1217 1239 1214 1298 1299
1240 319 1188 1191 1079 1238 1218 1214 1298 1336
2050 516 617 1119 1838 1214 1208 1218 1298 1300
1283 295 537 863 1336 1231 1228 1222 1298 1335
1249 370 596 1066 582 1228 1218 1227 1296 4095
1218 293 653 1106 551 1222 1233 1218 1299 4095
1810 322 737 1052 1377 1232 1216 1216 1298 1310
998 291 704 667 1364 1214 1220 1213 1297 1299
1333 305 1114 915 1213 1215 1232 1211 1298 1303
1285 336 793 1004 1571 1233 1222 1214 1298 1299
1574 305 908 1108 1167 1221 1227 1224 1298 1295
1188 340 650 599 762 1218 1216 1209 1296 4095
1330 340 573 1147 1273 1242 1216 1223 1298 1354
2026 308 607 967 875 1226 1218 1228 1298 1378
2331 291 612 873 1355 1219 1232 1218 1297 1302
1905 318 1160 959 347 1225 1217 1214 1298 4095
1474 331 398 726 1102 1226 1214 1250 1299 1348
1603 282 601 1532 1609 1220 1221 1217 1299 1317
1967 614 412 918 1094 1214 1200 1254 1299 1315
1547 335 697 1185 1086 1221 1207 1227 1298 1312
2474 339 565 1358 1414 1223 1214 1225 1298 1309
3706 313 577 854 4095 1218 1217 1219 1297 1311
1762 313 598 1112 514 1228 1227 1226 1298 4095
1131 309 771 1438 1201 1223 1261 1214 1300 1340
1340 273 801 1629 630 1225 1226 1222 1293 1339
1423 336 703 997 1402 1209 1212 1211 1296 1304
1334 279 703 817 459 1220 1218 1216 1297 4095
1555 321 1149 1375 1198 1223 1235 1215 1291 1317
1275 367 615 1019 1411 1222 1237 1208 1299 1295
1268 301 642 1382 1873 1230 1239 1222 1300 2959
3012 384 620 1159 2290 1225 1214 1217 1298 1303
1423 314 571 991 1073 1209 1238 1226 1299 1334
1821 304 585 1414 776 1216 1222 1226 1297 1319
1494 307 2085 1962 1048 1226 1239 1220 1299 4095
1272 280 773 828 998 1223 1223 1212 1297 1355
2211 282 559 976 1586 1224 1235 1223 1294 1326
3749 341 653 489 853 1215 1220 1222 1297 1331
2995 361 605 1268 1087 1225 1218 1223 1297 1321
1310 323 647 1015 1253 1216 1224 1211 1297 1300
1728 305 297 792 2872 1218 1222 1233 1297 1382
4095 363 613 1019 1332 1215 1215 1222 1299 1339
1916 355 606 964 1390 1222 1217 1232 1298 1304
1741 310 626 1404 1029 1220 1221 1224 1297 1554
1366 317 693 941 921 1226 1216 1223 1297 1306
118 357 1169 1013 970 779 1218 1214 1292 1307
1570 324 702 1237 1521 1221 1231 1220 1299 1334
1554 353 657 1150 1669 1223 1213 1222 1298 1304
2373 319 397 1522 1227 1217 1235 1226 1299 1304
4095 331 1070 1061 3199 1214 1218 1221 1297 1302
2819 289 615 852 1766 1222 1222 1219 1298 1284
1046 291 1106 1398 1692 1223 1222 1211 1297 1476
1253 400 540 929 1100 1229 1211 1232 1298 1322
1632 290 603 1964 1039 1225 1230 1223 1298 4095
1774 315 556 929 1360 1215 1213 1218 1298 1339
1388 310 671 1207 751 1226 1216 1220 1297 1328
4095 294 513 926 1521 1206 1244 1229 1300 40
4095 371 694 987 2085 1219 1207 1213 1298 1292
1497 352 528 1456 1062 0 1222 1221 1298 1327
4095 472 745 1409 1989 0 1208 1214 1298 1541
4095 397 620 1281 1283 1210 1216 1222 1297 1310
1645 279 634 1055 1736 1214 1242 1217 1299 1355
4095 347 581 871 1794 1214 1220 1211 1297 1306
1642 351 605 1131 521 1226 1226 1224 1297 4095
1660 323 495 1020 1351 1230 1215 1237 1298 1311
1222 298 561 995 1411 1223 1237 1216 1300 1309
4095 351 669 1091 1756 1208 1215 1212 1297 1291
1572 350 704 963 2239 1221 1213 1219 1298 1291
1096 316 705 945 811 1225 1223 1219 1298 1496
2135 298 579 961 3927 1217 1223 1213 1297 1284
1596 294 731 977 842 1226 1226 1216 1298 1316
1633 300 614 962 1456 1226 1216 1219 1297 1306
1558 320 791 844 1034 1217 1219 1212 1297 1301
1177 467 535 922 1428 1243 1204 1214 1299 1338
2373 300 529 863 1297 1228 1228 1223 1297 1331
1545 322 585 1060 836 1220 1224 1212 1298 1300
1620 322 636 709 1159 1214 1224 1211 1297 1296
1463 422 696 852 1719 1217 1202 1210 1298 1293
1566 306 656 1161 897 1215 1227 1226 1297 1321
3194 314 579 1010 1021 1217 1225 1215 1298 1312
2586 532 530 850 1118 1216 1202 1234 1298 1375
1370 280 621 1023 496 1222 1223 1225 1297 4095
1189 315 648 1643 1567 1231 1229 1227 1298 1299
2136 286 535 1010 1320 1220 1244 1217 1299 1300
2059 336 798 1239 895 1208 1230 1215 1298 1372
1159 313 488 1045 1062 1224 1218 1214 1298 1336
4095 433 585 977 1007 1212 1215 1220 1297 1348
1812 324 581 899 1386 1223 1219 1224 1298 1293
1683 315 564 987 1035 1226 1222 1226 1298 1321
970 299 712 1010 1295 1219 1222 1207 1297 1348
1146 310 519 808 1906 1219 1223 1221 1297 1310
1692 315 722 1018 396 1222 1240 1215 1299 4095
1291 339 600 821 1031 1249 1232 1221 1299 1336
1247 334 650 899 1221 1228 1221 1221 1297 1308
1721 286 859 836 827 1215 1219 1216 1297 1327
1764 346 476 820 970 1229 1216 1215 1298 1476
1148 302 708 1000 1445 1218 1215 1219 1298 1330
2772 336 626 976 2589 1225 1235 1212 1299 1285
1101 492 520 981 1592 1226 1205 1221 1299 1353
2224 317 710 563 1554 1220 1242 1216 1299 1292
3460 327 1377 924 689 1218 1220 1206 1297 4095
1841 292 572 904 1652 1222 1217 1210 1298 1155
1136 293 454 1070 853 1226 1248 1215 1300 1378
1555 308 576 867 979 1218 1218 1224 1297 1318
1693 304 590 1280 723 1226 1210 1221 1299 1379
4095 339 545 1091 1276 1217 1217 1225 1298 1323
1328 303 580 907 898 1224 1219 1218 1298 1344
1808 347 530 793 980 1200 1211 1210 1298 1311
1719 343 800 1144 1183 1218 1222 1216 1298 1339
2341 325 387 816 987 1213 1239 1221 1298 1310
2031 412 618 1550 830 1220 1211 1225 1300 1392
1908 299 559 1161 1646 1224 1250 1214 1300 1305
1563 368 820 940 2587 1228 1211 1212 1299 1297
1931 300 831 955 1066 1219 1227 1211 1297 1317
1632 276 1390 909 807 1229 1229 1214 1297 1374
1999 307 581 956 1404 1225 1234 1221 1299 1297
4095 308 914 929 2554 1213 1213 1215 1297 1425
1472 335 769 833 1249 1219 1223 1218 1298 1327
4095 320 636 1128 883 1220 1232 1222 1298 1324
4095 356 744 461 2908 1207 1212 1213 1297 1278
2515 316 442 1305 2345 1211 1233 1240 1299 1298
1296 266 778 1119 1152 1221 1225 1214 1297 1328
3145 312 669 1079 1085 1219 1244 1216 1300 1372
1389 424 558 725 942 1218 1205 1214 1299 1302
2325 328 741 949 2126 1215 1217 1217 1296 1300
1869 527 590 1008 1488 1229 1211 1223 1298 1334
1311 323 553 1156 1135 1241 1218 1220 1299 1336
1398 282 686 371 1372 1231 1233 1208 1297 1307
2978 311 783 1047 1120 1221 1214 1220 1297 1334
4095 441 695 1018 1498 1225 1209 1225 1298 1304
4095 391 1195 806 2493 1061 1219 1053 1298 1212
2204 295 484 825 2506 1222 1227 1211 1297 1302
4095 313 838 881 1016 1224 1225 1216 1298 1307
4095 380 649 1063 2966 969 1231 1223 1299 1050
1608 324 454 1312 552 1224 1219 1258 1298 1305
1804 305 682 1049 467 1229 1232 1216 1298 4095
2068 455 804 1447 1282 1239 1214 1223 1298 1318
416 371 746 2057 1721 1245 1232 1224 1299 1311
2288 323 784 979 1076 1228 1217 1213 1297 1294
1814 372 521 927 1548 1221 1212 1221 1298 1291
4095 497 597 962 1181 1203 1201 1230 1299 1316
2155 322 633 891 655 1226 1235 1218 1300 4095
1273 310 887 1516 1848 1236 1217 1216 1296 1292
1544 354 858 1587 1034 1223 1230 1220 1298 1323
1385 674 587 1078 1528 1227 1205 1218 1297 1368
2893 322 978 1139 1767 1218 1236 1214 1298 1305
2251 343 642 937 1138 1225 1237 1228 1300 1428
2121 357 632 971 1578 1224 1218 1222 1297 1316
1314 307 720 925 2147 1223 1229 1218 1298 1292
1499 306 488 963 2529 1214 1228 1214 1298 1311
4095 378 471 361 1240 803 795 1317 869 928
1132 292 631 398 1127 1214 1217 1218 1297 1331
3595 339 493 1361 882 1211 1214 1223 1297 1343
1551 304 538 1147 810 1217 1225 1223 1298 1410
2406 328 666 1419 911 1229 1245 1224 1300 1354
2513 317 1175 621 1333 1218 1225 1206 1297 1336
802 439 718 1214 1642 1231 1214 1217 1297 1304
4095 339 982 1028 2392 1209 1222 1214 1297 1389
4095 405 577 994 1915 1219 1212 1233 1297 1304
2088 342 707 1066 689 1227 1225 1224 1298 1325
1437 310 532 980 765 1223 1217 1225 1297 1326
1819 405 608 819 1165 1210 1203 1217 1298 1327
4095 484 1749 1205 1618 1213 1212 1210 1298 1315
1296 352 1189 1104 1478 1229 1218 1216 1296 1330
1281 313 598 971 904 1219 1218 1213 1298 1349
3558 466 765 933 2209 1216 1210 1210 1297 1287
3059 302 667 1052 1440 1226 1239 1220 1300 1333
1736 334 536 1366 1145 1226 1212 1219 1298 1313
834 315 737 1130 888 1243 1255 1222 1300 4095
1519 541 573 876 1914 1236 1204 1227 1298 1300
1625 313 915 1079 972 1230 1215 1215 1296 1331
4095 370 784 840 3056 1212 1212 1207 1297 1323
2703 338 1107 753 960 1226 1212 1213 1298 1318
4095 499 988 917 2236 1211 1201 1207 1299 1290
1405 326 640 815 3664 1222 1216 1213 1297 1302
1430 297 674 1236 1112 1222 1232 1211 1298 1325
4095 609 833 1004 1438 1210 1201 1216 1299 1323
1451 459 583 1020 953 1229 1202 1207 1299 1317
1433 490 622 1035 1324 1218 1212 1216 1297 1312
2223 316 686 898 776 1225 1225 1221 1297 1346
1557 348 1569 844 1253 1208 1220 1208 1297 1319
4095 894 584 982 2170 1204 1198 1227 1298 1286
1787 363 936 1011 570 1221 1206 1210 1298 1317
2288 339 440 1134 944 1222 1227 1233 1298 1326
2556 314 408 1004 870 1212 1215 1260 1297 1318
1838 299 878 718 2422 1211 1222 1210 1298 1417
1316 316 602 865 689 1231 1225 1213 1299 1317
1655 351 675 934 1624 1233 1221 1222 1297 1423
1696 297 589 962 878 1226 1228 1227 1298 1328
1421 305 763 924 689 1228 1211 1223 1299 1320
1378 433 560 901 2263 1234 1212 1215 1299 1575
1848 357 600 915 1406 1222 1218 1222 1298 0
4095 332 538 1071 972 1222 1245 1224 1300 1413
2259 310 542 637 1172 1224 1230 1221 1298 1332
1678 348 793 566 853 1221 1208 1222 1299 0
1773 319 605 957 1441 1221 1227 1224 1299 1303
1277 382 634 302 1252 1207 1197 1198 1299 1321
2020 315 617 1014 1818 1221 1224 1216 1297 1329
1885 376 515 1108 933 1228 1219 1221 1297 1324
1875 339 676 947 1093 1232 1217 1218 1297 1304
975 304 570 997 1200 1223 1214 1220 1298 1311
1636 321 721 946 1321 1213 1221 1219 1297 1308
1901 325 526 1535 555 1230 1226 1227 1297 4095
1444 360 532 954 889 1215 1217 1212 1298 1312
2184 310 848 820 1310 1229 1227 1229 1298 1322
1632 324 630 2257 961 1229 1248 1223 1300 1319
2650 377 548 1228 1125 1221 1210 1223 1298 1322
1441 356 534 913 1350 1232 1213 1219 1297 1328
1523 348 877 1007 1538 1228 1225 1207 1296 1316
2500 465 590 1056 4095 1239 1211 1219 1298 1283
1291 345 1716 1740 1911 1237 1217 1213 1298 1304
2277 286 791 1083 1054 1222 1240 1222 1300 1314
2002 323 510 1409 1382 1224 1232 1222 1298 758
4095 330 771 991 1789 1224 1245 1221 1300 1293
1559 540 808 1250 980 1231 1215 1226 1298 1336
3734 314 603 897 1163 1223 1230 1220 1298 1312
1366 306 582 929 1271 1216 1221 1223 1300 1298
2837 341 1580 1099 1543 1215 1225 1201 1298 117
2288 407 671 1244 774 1229 1214 1227 1298 1315
2750 328 578 892 550 1219 1222 1219 1298 4095
1734 322 678 898 932 1211 1226 1211 1297 1333
4095 365 561 874 651 1216 1217 1207 1296 4095
3578 414 774 1285 978 1221 1214 1212 1298 1294
1379 443 734 1052 4095 1231 1213 1220 1297 1281
1393 329 572 1248 1529 1224 1235 1219 1299 1323
1265 319 688 791 2106 1225 1213 1214 1298 1294
1769 356 700 920 1044 1224 1216 1216 1298 1309
1751 297 785 956 1323 1222 1243 1214 1300 1312
4095 374 659 956 3450 1219 1216 1214 1299 1171
1324 307 621 998 1036 1213 1214 1220 1296 1320
1674 425 468 1262 874 1215 1210 1222 1298 1326
4095 335 684 1080 1770 1216 1216 1219 1295 1303
1536 339 752 1101 676 1227 1225 1221 1297 4095
1979 392 724 926 1346 1219 1206 1216 1298 1313
2611 345 698 1092 921 1222 1231 1214 1298 1321
3790 364 597 927 1517 1217 1212 1222 1298 549
1255 299 618 1273 837 1229 1223 1224 1297 1337
1972 310 719 971 799 1222 1225 1218 1295 1302
1903 333 654 1093 2058 1226 1223 1221 1298 1322
2373 345 524 861 1028 1227 1218 1232 1298 1340
1783 325 593 1176 658 1226 1221 1229 1297 4095
1188 326 683 1235 975 1224 1233 1225 1298 1326
1166 337 496 2306 799 1234 1221 1234 1297 1324
2339 314 604 899 747 1217 1213 1228 1297 4095
2432 343 691 922 907 1223 1218 1221 1298 1329
1697 547 1367 766 1109 1225 1201 1203 1299 1307
1642 332 653 831 892 1225 1217 1214 1298 1315
2049 291 599 963 1319 1222 1216 1215 1298 1328
4095 364 779 2343 3215 1226 1312 1314 1300 1319
1480 319 716 836 1279 1228 1230 1220 1298 1314
2684 463 665 325 1648 1219 1214 1215 1298 0
2864 399 691 1556 2476 1226 1222 1216 1297 1308
1681 351 677 1044 1382 1216 1211 1216 1298 1413
1948 339 614 1039 1784 1219 1224 1210 1297 1316
3925 400 619 979 1204 1214 1220 1219 1297 1313
1381 371 645 1009 871 1233 1236 1223 1299 1322
1484 655 945 622 4095 1216 1198 1212 1298 1307
4095 431 819 1170 423 1225 1211 1226 1297 4095
3316 300 567 1088 801 1200 1239 1213 1299 1312
1961 323 664 1416 1676 1224 1218 1221 1298 1314
1908 352 822 907 608 1226 1221 1215 1297 1318
1534 292 589 847 1123 1228 1243 1221 1300 4095
2233 321 704 910 864 1230 1238 1213 1299 1328
1309 307 412 762 2904 1073 1238 1108 1297 1134
4095 351 669 1079 1372 1217 1224 1216 1297 1379
1748 336 630 1187 2414 1224 1221 1223 1297 1296
2184 367 536 959 1295 1223 1208 1210 1297 1307
2068 339 621 866 1572 1216 1223 1215 1298 1313
1798 330 680 960 1325 1218 1238 1220 1299 1369
1827 335 626 907 1609 1226 1239 1217 1299 1290
4095 359 640 884 1093 1217 1231 1218 1298 1320
1360 338 537 891 940 1217 1237 1226 1299 1331
1147 495 654 1028 1314 1233 1214 1223 1298 1336
2064 303 503 1159 1416 1219 1230 1210 1298 1297
2368 386 536 909 869 1225 1214 1219 1299 1337
3191 371 1336 1135 2711 1017 999 1322 1087 1185
1169 323 1049 1815 1737 1227 1231 1219 1298 1311
971 339 691 1067 681 1231 1251 1219 1300 4095
1201 345 570 1008 465 1219 1214 1216 1298 4095
2528 353 532 946 917 1216 1223 1230 1297 1401
1818 329 864 1116 1571 1218 1215 1212 1298 1313
3998 333 646 1590 890 1217 1219 1228 1297 1343
881 327 730 890 560 1232 1222 1222 1298 4095
4095 342 525 985 1184 1216 1221 1224 1296 1309
4095 460 636 901 1104 1215 1208 1226 1298 1317
3609 419 565 830 1108 1215 1210 1222 1298 1349
1744 354 588 989 853 1223 1229 1219 1297 1492
1437 476 547 777 2549 0 889 0 0 0
3139 302 586 1073 1143 1229 1222 1232 1293 1309
1805 449 581 1005 3143 1212 1208 1224 1298 1286
1700 326 579 973 1385 1224 1232 1228 1298 1310
1664 343 546 1172 1156 1236 1217 1231 1297 1303
1940 355 533 869 1864 1225 1214 1224 1298 1321
1807 332 736 1174 1084 1214 1217 1219 1297 1310
3011 324 1014 834 2224 1221 1236 1220 1299 1315
3888 346 454 1015 1458 50 1221 1220 1298 1294
1566 342 581 1037 1009 1222 1240 1214 1299 1365
2811 443 604 1198 1435 1242 1210 1219 1300 1308
2050 346 638 432 1733 1210 1213 1206 1297 1287
124 377 689 1006 940 506 1149 1151 1221 1282
3130 340 602 1038 1561 1219 1223 1219 1298 1352
3214 396 526 973 1685 1222 1211 1223 1298 598
1771 315 628 817 1632 1218 1222 1214 1297 1287
1671 322 779 798 723 1232 1225 1219 1298 1310
1690 329 652 1008 918 1217 1244 1214 1299 1348
2112 375 453 862 1111 1231 1211 1227 1297 1328
4095 557 703 855 4095 1226 1202 1214 1299 1279
4095 308 579 1086 933 1220 1228 1222 1298 1381
2470 336 539 779 2080 1215 1203 1224 1298 1283
1270 351 465 972 1686 1231 1226 1216 1298 1306
