2021 294 512 910 2035 1219 1223 1237 1297 1408
1198 328 743 1111 831 1215 1211 1211 1297 1305
4095 332 840 908 1134 1211 1216 1213 1298 1323
1498 304 437 1548 1071 1232 1223 1233 1297 1309
2000 319 749 1493 1586 1214 1213 1207 1296 1300
2536 341 384 1065 1320 1224 1225 1231 1300 1311
1229 304 697 2083 658 1228 1229 1229 1297 1346
1654 319 484 1101 2919 1225 1218 1222 1297 1288
2246 299 726 931 1112 1213 1213 1213 1297 1308
1248 305 490 975 2152 1221 1213 1223 1297 1320
1846 297 681 992 774 1228 1224 1222 1298 1342
1320 345 631 1130 1183 1218 1213 1217 1298 1309
3124 305 493 1464 1277 1227 1225 1219 1299 1302
1874 307 525 1003 1489 1216 1213 1221 1297 1317
909 525 739 964 856 1228 1201 1214 1298 1311
1159 314 526 804 1349 1228 1220 1209 1296 1305
2975 355 630 1006 2541 1212 1210 1223 1298 1285
1484 295 675 1482 2078 1222 1223 1217 1297 1303
1153 313 957 852 1543 1226 1219 1222 1297 1364
2448 380 723 934 891 1211 1211 1224 1298 1309
2614 561 805 600 1496 1230 1204 1218 1298 1328
1754 373 673 976 830 1212 1210 1211 1298 1331
1869 344 662 646 1044 1215 1204 1214 1299 1293
1578 323 717 959 1186 1232 1216 1228 1297 1372
1864 312 538 1013 970 1217 1243 1221 1299 1309
2590 322 1674 1046 931 1223 1218 1210 1298 4095
3004 331 585 1048 533 1225 1215 1221 1298 4095
1224 322 582 1237 938 1225 1222 1234 1297 1358
631 347 634 1084 1057 1237 1218 1220 1297 1321
1150 330 537 1093 1235 1229 1212 1225 1298 1328
2563 325 754 830 1187 1216 1222 1214 1297 1301
1644 413 702 941 1329 1212 1211 1219 1297 1315
2155 319 722 939 1507 1216 1214 1223 1298 1306
4095 435 771 1066 907 1217 1212 1214 1297 1365
2356 328 762 840 1684 1219 1209 1216 1298 1298
2136 465 737 984 1429 1219 1201 1208 1298 1334
1948 301 1058 993 1095 1220 1219 1209 1297 1302
1393 305 641 1507 1096 1219 1221 1220 1298 1350
2879 385 496 1240 1351 1219 1216 1233 1297 1312
2017 305 596 902 1025 1230 1230 1219 1298 1307
2441 265 819 1010 1163 1226 1237 1214 1299 1341
3002 346 611 1015 1078 1218 1228 1207 1296 1323
4095 354 809 954 1164 1210 1218 1219 1298 1359
2392 308 508 963 953 1217 1215 1209 1298 1299
977 343 702 859 1113 1213 1205 1215 1298 1305
1954 327 689 411 1343 1204 1206 1208 1299 1290
4095 318 891 1064 595 1218 1215 1211 1297 4095
1432 342 494 2026 977 1237 1226 1219 1298 1324
4095 488 642 1004 879 1218 1206 1214 1298 1366
2551 329 484 1182 749 1230 1215 1234 1298 4095
1929 325 519 993 584 1222 1221 1225 1297 1349
2335 285 617 938 1286 1220 1239 1216 1300 1345
670 281 447 963 857 1228 1228 1230 1297 1358
2286 303 564 964 941 1218 1240 1222 1299 1335
2428 295 537 899 534 1212 1212 1221 1298 4095
1668 307 505 899 1401 1222 1227 1220 1297 1318
521 288 674 883 1063 1230 1222 1217 1297 1398
1142 444 643 1125 820 1231 1209 1223 1298 1336
1641 299 1020 873 1316 1228 1249 1212 1299 1307
1386 328 687 1009 800 1223 1225 1213 1298 1405
1543 300 649 656 1020 1217 1224 1226 1297 1329
2913 394 881 1022 1590 1221 1208 1205 1297 1294
3302 337 681 827 1748 1212 1206 1217 1298 1308
3844 313 755 925 1495 1229 1238 1223 1299 1297
1563 332 480 1543 1172 1224 1221 1221 1298 1325
4095 293 541 923 937 1211 1240 1216 1299 1382
1408 408 643 1077 1473 1236 1215 1220 1297 1292
2161 662 1302 1331 1812 1219 1200 1212 1299 1303
4095 345 947 1088 1276 1215 1225 1215 1298 1306
1281 350 616 1215 787 1228 1220 1231 1298 4095
1616 310 606 834 811 1224 1217 1213 1298 1371
1601 331 677 1089 1118 1221 1218 1231 1297 1328
1645 291 569 830 1286 1222 1228 1219 1298 1322
4095 321 707 965 1192 1218 1224 1221 1297 1327
989 324 883 2033 1060 1225 1222 1214 1298 1333
1929 314 658 835 666 1228 1219 1216 1297 1330
2006 287 640 992 1189 1232 1222 1223 1296 1328
1503 279 529 1622 1295 1233 1231 1240 1298 1327
3236 280 559 854 2649 1219 1220 1226 1296 1295
1676 280 613 201 838 1193 1191 1196 1298 4095
2265 299 1373 998 1915 1221 1211 1205 1297 1307
1673 363 1238 1086 1336 1217 1216 1216 1297 1320
4095 400 1136 1338 1206 1212 1207 1205 1298 1308
2623 292 652 1001 361 494 1240 1212 1300 4095
992 308 561 969 934 1225 1224 1229 1297 1305
3859 826 623 925 1807 1222 1197 1218 1300 1410
1518 294 494 965 1175 1227 1244 1223 1300 1307
1428 302 687 1245 1068 1228 1218 1216 1298 1324
1575 414 539 1058 1204 1226 1211 1220 1298 1300
3267 442 691 1058 869 1219 1206 1221 1299 1401
1814 359 623 873 908 1227 1211 1218 1298 1324
1586 315 651 1173 1776 1216 1221 1224 1296 1337
1648 334 676 932 848 1219 1218 1220 1297 1316
1912 313 1184 817 598 1224 1224 1219 1297 4095
1786 311 591 1619 1289 1222 1225 1217 1298 1342
1833 394 748 931 1565 1217 1214 1220 1298 1328
1180 282 1080 1237 925 1224 1229 1215 1298 1324
1638 317 591 940 839 1216 1214 1226 1297 1333
1419 329 602 1080 811 1220 1226 1222 1298 4095
2958 339 1003 1431 804 1223 1216 1219 1298 1339
1333 313 808 1295 1034 1211 1220 1215 1297 1308
2028 331 595 1116 1461 1229 1217 1224 1298 1345
841 338 819 1034 718 1225 1224 1225 1299 1352
1776 347 904 822 3026 1216 1210 1203 1296 1276
1530 311 517 981 789 1232 1216 1219 1297 4095
2945 315 488 1537 2226 1220 1232 1219 1298 1314
1548 293 535 1103 933 1223 1244 1231 1299 1309
2112 352 691 1560 896 1225 1208 1220 1299 1341
1264 312 612 994 285 1222 1226 1218 1297 4095
4095 299 614 1043 1059 1222 1246 1220 1299 1324
1896 381 588 857 1401 1219 1208 1213 1298 1300
2358 334 433 1014 1335 1214 1209 1221 1297 1324
1548 291 696 904 869 1235 1216 1221 1296 1378
1179 288 314 1116 1544 1221 1227 1260 1297 1298
1541 332 434 1025 861 1213 1222 1227 1298 1347
1601 282 810 978 797 1218 1223 1218 1298 1321
1919 285 572 1551 1265 1218 1219 1233 1297 1295
2309 333 695 1088 2769 1234 1221 1230 1296 1313
1780 306 694 896 1095 1223 1215 1217 1298 1325
1256 328 662 973 1047 1220 1223 1210 1298 1350
1356 327 944 1260 1453 1223 1223 1221 1298 1395
2269 363 504 1084 2391 1224 1214 1223 1298 1294
2312 306 728 865 1437 1229 1227 1220 1293 1337
1969 407 349 802 1660 1224 1206 1241 1297 1305
4095 662 762 1088 1149 1217 1204 1212 1298 1319
2857 390 718 1128 890 1220 1214 1218 1298 1349
848 341 593 953 2161 1231 1225 1227 1297 3359
1860 343 569 894 1673 1220 1218 1222 1296 1313
2101 288 808 1030 656 1220 1248 1218 1300 1326
1680 323 1207 924 1404 1215 1223 1206 1297 1307
1373 325 534 1003 1226 1218 1219 1227 1296 1377
2544 314 499 818 898 1224 1235 1221 1299 1374
1090 295 897 1439 1123 1228 1233 1215 1299 1301
1889 323 676 1220 1324 1225 1230 1213 1298 1303
3721 433 652 866 1791 1225 1208 1222 1297 1302
2131 313 488 1261 871 1224 1229 1231 1298 1394
1943 317 480 1089 1263 1216 1229 1235 1298 1295
1230 307 963 1564 1343 1222 1220 1215 1297 1318
1630 330 901 1150 990 1221 1216 1223 1297 1308
1389 294 1777 713 1395 1222 1241 1204 1300 1355
1351 322 658 1000 1689 1223 1240 1225 1299 1306
1935 326 685 913 805 1219 1235 1236 1299 1300
477 312 575 1794 1144 1220 1228 1235 1298 1328
2089 323 560 1127 1587 1220 1224 1226 1299 90
2104 311 635 936 1076 1226 1221 1219 1299 1346
1731 377 648 1056 1212 1215 1213 1218 1298 1350
1550 318 650 999 1438 1228 1212 1221 1298 1324
1880 475 603 1559 1368 1229 1208 1223 1298 1320
2835 591 671 1574 1368 1230 1210 1230 1297 1320
1366 282 671 894 946 1215 1240 1215 1299 1315
2219 347 688 626 798 1216 1207 1215 1297 1337
2841 312 640 771 1438 1220 1224 1236 1297 1320
1889 322 651 1517 1430 1226 1247 1218 1300 1310
1198 365 488 1128 1772 1214 1206 1220 1298 1304
3324 319 688 843 801 1224 1228 1217 1299 1508
1906 293 794 1573 1390 1219 1220 1214 1296 1312
1728 381 774 1023 1115 1216 1210 1212 1298 1315
4095 314 720 1096 1026 1218 1238 1215 1299 1325
1316 319 446 1126 686 1226 1213 1231 1298 1351
1859 309 350 1186 1233 1229 1243 1238 1300 1306
4095 328 680 1397 1248 1218 1217 1214 1298 1350
1995 309 693 847 1606 1213 1225 1216 1298 1419
2139 305 928 873 1108 1214 1205 1205 1298 1332
1769 487 1184 1581 1998 1215 1209 1211 1297 1306
2055 368 816 969 912 1215 1207 1207 1297 1304
2533 320 820 1241 1261 1217 1244 1212 1299 1299
1419 296 698 925 1136 1210 1217 1211 1297 1323
1919 365 694 909 585 1227 1211 1220 1298 4095
1539 602 475 1051 1075 1219 1204 1215 1299 1321
2524 489 727 1857 1484 1233 1209 1213 1298 1321
1572 312 676 1018 1407 1218 1211 1222 1297 1334
1452 389 386 1163 1780 1219 1213 1246 1298 1413
1215 428 655 1142 949 1224 1217 1226 1298 1308
1245 303 721 901 860 1234 1250 1224 1300 1354
3358 343 766 1160 1272 1223 1217 1220 1298 1351
1633 343 582 971 1244 1230 1215 1223 1299 1329
4095 320 813 878 1381 1210 1217 1210 1298 1330
1903 294 456 1113 582 1228 1224 1231 1297 4095
1218 494 645 1006 964 1228 1207 1217 1299 1310
1700 318 727 980 922 1225 1231 1214 1298 1328
1863 304 590 923 1121 1215 1214 1214 1298 1318
2697 301 629 959 779 1220 1225 1217 1298 1320
1976 364 797 862 847 1220 1214 1228 1297 4095
2542 349 776 802 1461 1221 1209 1217 1297 1306
2544 335 630 960 767 1219 1220 1228 1297 1348
1279 357 649 351 1148 1221 1210 1213 1297 1398
1568 296 752 960 2385 1229 1240 1214 1300 1286
1905 296 601 935 631 1227 1214 1231 1298 4095
1972 376 590 916 1148 1224 1217 1223 1298 1313
1983 311 654 1038 1041 1222 1216 1227 1297 1315
1899 307 637 1275 1092 1220 1237 1224 1299 1338
3357 329 704 867 728 1220 1245 1214 1300 1332
1086 317 535 2238 2522 1238 1216 1233 1297 1298
1824 509 1234 1455 3899 1224 1219 1210 1297 1294
1509 387 1269 269 991 1205 1206 1205 1298 1309
3113 313 707 991 1440 1230 1213 1215 1297 1296
2498 418 609 1076 1210 1221 1209 1216 1299 1306
1935 317 539 961 1742 1213 1213 1223 1297 1293
1457 297 411 2029 649 1233 1216 1224 1298 1319
1305 498 564 721 859 1228 1208 1217 1299 1335
1317 330 678 998 1452 1226 1216 1218 1299 1297
888 311 627 1433 932 1238 1218 1223 1304 4095
1965 364 827 1059 932 1225 1211 1224 1299 1369
3058 317 838 1050 1520 1217 1244 1211 1300 1309
2216 360 633 989 1002 1222 1208 1207 1296 1308
1385 331 729 980 1024 1220 1215 1218 1297 1345
1702 324 749 1006 1241 1222 1217 1218 1298 1366
1384 349 425 1291 1480 1218 1203 1238 1299 1335
1729 320 588 950 861 1228 1215 1219 1298 1331
1482 310 697 1085 994 1224 1219 1219 1297 1371
1832 318 505 852 1713 1213 1206 1221 1297 1325
1591 328 930 1203 2584 1227 1226 1217 1298 1293
1767 296 586 931 936 1213 1212 1218 1298 1360
1360 367 796 955 1137 1225 1218 1217 1298 1341
1514 299 715 233 1220 1212 1217 1217 1296 1337
1487 298 669 895 1284 1228 1244 1226 1300 1322
1254 310 619 888 1082 1221 1218 1215 1298 1353
3965 411 540 1000 1107 1219 1219 1236 1296 1304
3941 350 593 1108 1045 1221 1212 1213 1298 1349
1293 311 663 991 458 1218 1227 1227 1296 4095
1937 367 770 943 2191 1218 1207 1219 1298 1329
3089 282 622 912 1008 1218 1228 1223 1297 1335
2783 307 525 1035 914 1223 1216 1224 1298 1334
1176 449 715 1023 839 1232 1201 1211 1298 4095
2844 303 548 1015 1445 1225 1222 1233 1297 1310
2518 313 557 1014 1487 1215 1216 1222 1298 1304
2435 481 717 960 2052 1215 1210 1215 1298 1309
2432 386 591 1126 1013 1218 1208 1225 1299 1331
2581 314 599 1334 941 1221 1220 1228 1297 4095
1044 325 886 167 976 1214 1203 1208 1298 1287
1731 307 512 869 1436 1223 1221 1226 1296 1292
2936 641 694 987 1341 1222 1205 1219 1298 1313
1780 288 682 1009 1169 1216 1222 1221 1298 1331
1444 433 513 1375 1867 1237 1211 1223 1297 1306
1907 312 712 929 1032 1218 1218 1210 1297 1319
1914 343 626 1157 2782 1216 1209 1224 1297 1292
1574 282 521 844 1073 1219 1230 1218 1298 1307
1541 392 529 952 1234 1215 1210 1220 1298 1300
4095 313 553 1053 1230 1217 1216 1219 1292 1314
1002 294 714 879 1015 1212 1230 1212 1298 1295
2521 443 543 937 1712 1224 1207 1219 1299 1297
1329 324 600 1195 1266 1232 1231 1221 1298 1307
1658 282 617 1035 1263 1217 1250 1212 1299 1305
2369 295 740 864 597 1217 1226 1209 1296 4095
1378 312 707 859 1008 1230 1217 1220 1298 1440
2064 399 815 759 738 1223 1206 1211 1297 1337
1554 329 538 956 360 1215 1213 1221 1297 4095
1201 305 686 1126 1699 1228 1229 1215 1298 1414
1148 323 533 913 1163 1221 1223 1222 1298 1296
2027 333 844 1048 1153 1225 1223 1209 1298 1422
1440 298 577 970 894 1221 1230 1210 1298 1354
2230 317 734 893 1229 1214 1217 1216 1297 1309
1394 361 805 993 787 1217 1208 1210 1296 1316
2420 336 500 843 1191 1214 1231 1225 1299 1332
1333 346 601 869 1320 1227 1201 1206 1298 1291
1881 281 570 2024 1761 1229 1228 1226 1299 1343
2932 301 813 1093 900 1220 1218 1213 1297 1325
2341 332 643 401 959 1210 1206 1211 1298 1362
1467 333 838 1195 1161 1216 1215 1217 1298 1316
4095 374 1007 379 1725 843 836 1321 905 912
4095 351 569 923 1340 1220 1219 1222 1296 1304
3356 306 854 489 1468 1210 1206 1207 1298 1412
1055 275 663 874 808 1213 1220 1220 1298 1309
1677 312 556 940 804 1227 1232 1221 1298 1347
2597 321 517 1050 1088 1209 1214 1223 1298 1310
2075 329 667 1125 1510 1225 1226 1226 1298 1301
1606 320 669 1399 1051 1221 1222 1220 1297 1334
3161 333 582 1051 2105 1224 1224 1233 1298 0
2320 374 570 1179 1301 1225 1211 1216 1298 1409
1658 313 556 1039 1364 1218 1215 1221 1297 1337
4095 345 766 812 865 1210 1201 1208 1298 4095
1930 329 779 1140 2820 1227 1225 1225 1297 1291
2160 351 559 1097 916 1217 1210 1217 1299 1342
2607 326 1464 1422 1849 1226 1239 1218 1300 1298
2136 316 677 1135 916 1220 1229 1222 1298 1405
1152 280 659 892 1212 1221 1223 1222 1297 1408
2450 338 688 1309 870 1225 1217 1216 1298 1339
1602 349 410 954 1564 1217 1212 1229 1297 1305
3215 340 835 572 950 1209 1213 1209 1297 1303
2402 308 683 1110 1039 1223 1223 1220 1298 1327
2332 356 570 866 1613 1223 1217 1215 1297 1300
1584 359 440 1114 1204 1226 1215 1235 1299 1293
1497 334 755 1828 990 1218 1216 1223 1298 1313
997 303 617 1336 1180 1226 1235 1217 1298 1317
3124 410 559 964 1278 1236 1209 1229 1298 1330
2014 382 639 1899 1642 1220 1213 1227 1298 1305
1191 382 869 1099 2258 1223 1214 1224 1297 1321
1620 335 598 915 1056 1228 1212 1217 1298 1346
1363 293 679 982 575 1231 1248 1218 1299 4095
2011 285 673 685 740 1214 1223 1218 1297 1365
2491 362 939 1023 1357 1215 1216 1211 1296 1313
1758 343 1011 877 1004 1231 1211 1208 1298 1303
1480 289 577 827 1168 1223 1247 1215 1300 1475
1027 288 655 657 1371 1226 1239 1213 1300 1305
1648 306 709 986 958 1216 1224 1208 1297 1313
4095 431 562 941 923 1220 1219 1221 1297 4095
1320 306 608 785 1297 1219 1231 1214 1298 4095
1471 501 691 1006 883 1227 1207 1214 1299 1309
2602 328 629 879 1431 1215 1210 1220 1298 1315
3112 291 911 1055 1320 1218 1222 1216 1296 1313
2342 269 641 979 900 1221 1235 1219 1299 1346
1605 323 623 1071 1216 1219 1224 1209 1297 1308
1530 340 551 1014 1069 1216 1210 1234 1299 1297
1991 331 644 1079 1138 1213 1210 1216 1298 1356
1307 457 571 900 1218 1226 1204 1228 1298 1309
1756 298 709 1098 895 1216 1219 1215 1298 1310
4027 316 664 1127 1878 1205 1219 1218 1298 1311
1246 530 660 751 1613 1235 1203 1221 1299 1311
1286 365 606 1035 1079 1229 1219 1222 1297 1322
4095 362 462 1333 1566 1220 1207 1224 1297 1313
1461 325 610 941 963 1231 1212 1230 1298 1348
2876 314 610 1117 537 1218 1221 1218 1298 4095
1729 501 562 826 1109 1225 1208 1232 1298 1332
2087 296 703 983 1024 1216 1228 1219 1298 1300
4095 388 619 992 2852 1212 1220 1212 1297 1283
4095 353 914 1602 1433 1212 1216 1211 1297 1348
1869 512 611 1086 882 1240 1204 1219 1298 1324
2131 496 641 823 1874 1211 1202 1214 1299 1309
2398 325 750 1126 641 1227 1223 1216 1297 1385
2630 550 538 1315 1479 1232 1207 1232 1299 1311
1490 341 691 1044 829 1225 1227 1209 1297 1327
1196 311 603 1032 1219 1230 1237 1249 1299 1343
877 364 656 995 1761 1229 1209 1214 1299 1298
1391 320 1148 933 957 1228 1222 1216 1298 1319
1538 301 477 907 1363 1220 1223 1234 1297 1359
4095 329 638 1264 1067 1214 1214 1234 1298 1300
4095 501 1035 409 2482 1202 1196 1204 1299 1296
1723 537 754 962 826 1222 1206 1224 1298 1355
3814 394 340 1067 1044 1221 1210 1257 1298 1312
2754 405 1349 700 1522 1213 1209 1200 1296 1297
4095 346 736 974 326 1207 1212 1215 1298 4095
1092 295 496 955 1057 1223 1217 1225 1298 1337
1236 301 710 871 812 1218 1218 1207 1297 1338
1118 297 983 1041 1182 1220 1226 1222 1297 1312
1692 373 630 824 736 1209 1206 1217 1298 1460
1472 268 822 997 1750 1235 1235 1219 1299 1300
1397 411 613 1356 2977 1218 1205 1223 1298 1325
1068 295 478 801 785 1221 1218 1225 1296 1330
1677 284 534 935 539 1215 1210 1220 1298 4095
1937 338 653 864 1073 1222 1218 1221 1297 457
1890 314 654 1018 1160 1232 1213 1224 1298 1311
1720 436 576 1062 869 1230 1208 1214 1297 1318
1701 289 764 1012 961 1218 1222 1213 1298 1387
1819 326 720 430 1146 1212 1219 1214 1298 1327
2835 302 827 981 2228 1220 1213 1216 1295 1294
1213 299 1128 1034 1282 1225 1214 1215 1297 1304
1356 344 1203 868 1370 1216 1220 1207 1296 1298
1207 312 661 1054 1468 1231 1219 1223 1297 1289
4095 501 757 957 3802 1214 1200 1222 1298 1283
2173 327 887 1283 1258 1211 1204 1214 1299 1307
3106 382 728 940 1113 1220 1213 1214 1297 1311
1487 281 1089 869 1347 1223 1224 1212 1296 271
2085 302 603 818 1133 1225 1217 1231 1298 1329
4095 324 689 995 2569 1215 1231 1226 1298 1305
2356 577 749 997 1694 1229 1197 1216 1299 1369
1949 307 715 1567 802 1216 1232 1218 1299 4095
1532 332 1079 946 646 1214 1209 1212 1298 1321
2334 380 569 969 739 1234 1212 1219 1297 4095
2013 312 635 743 879 1217 1212 1203 1297 1316
1758 537 616 1436 730 1233 1204 1216 1298 4095
2665 335 645 1479 1222 1220 1218 1217 1298 1319
2269 339 816 961 2509 1222 1231 1220 1298 1312
1984 325 1203 1113 1308 1215 1211 1213 1297 1290
1426 306 616 1114 1342 1218 1234 1217 1298 1319
1502 719 548 1096 1897 1223 1199 1215 1299 1291
4095 301 384 925 1158 1216 1244 1241 1300 1335
2978 303 1327 847 1272 1216 1234 1210 1297 1312
1855 313 896 749 1143 1223 1222 1214 1297 1321
1664 395 666 1220 1000 1221 1207 1214 1299 1343
2327 345 739 1073 1124 1218 1219 1209 1298 1328
4095 353 856 936 1913 1225 1235 1218 1300 1322
2222 312 808 1093 1265 1218 1222 1219 1297 1304
3019 312 613 1027 1582 1223 1227 1226 1298 1318
1596 321 408 885 1163 1229 1216 1231 1297 1305
1630 291 1017 890 1671 1213 1207 1203 1298 1313
4095 364 892 1109 687 1222 1219 1221 1297 4095
1886 409 802 987 696 1221 1201 1219 1298 4095
1767 295 858 983 1128 1217 1217 1212 1297 1295
3902 284 719 1435 1923 1220 1240 1219 1299 1343
1301 397 831 733 2345 1222 1202 1217 1297 1285
2521 280 650 1024 1012 1218 1233 1213 1298 1306
1560 420 747 869 834 1220 1209 1215 1297 1315
1124 321 674 968 1032 1213 1217 1208 1298 1310
2344 310 692 1118 2624 1233 1217 1220 1298 1303
2123 292 736 1118 1866 1224 1248 1222 1300 1328
1752 317 679 915 884 1223 1241 1222 1299 1322
4095 314 870 915 892 1226 1214 1207 1297 1364
4095 318 638 940 1111 1227 1247 1226 1300 1380
2798 317 597 909 2141 1215 1213 1228 1296 1297
1792 486 650 994 1026 1227 1207 1215 1299 1309
1410 304 1184 441 1214 1219 1211 1207 1297 1293
1743 294 608 990 1453 1225 1216 1221 1297 1316
3532 316 870 1986 1092 1215 1230 1228 1298 1315
1346 308 708 959 1091 1214 1218 1211 1297 1314
1626 315 920 943 1306 1211 1217 1219 1297 1321
1550 324 604 1066 2012 1223 1224 1225 1297 1298
2192 316 787 712 986 1217 1224 1213 1298 1301
1687 412 599 1281 1665 1219 1213 1224 1297 1309
1480 328 653 1018 1638 1221 1225 1217 1297 1327
1713 293 742 983 1664 1227 1239 1221 1299 1298
1095 314 580 1004 1390 1227 1214 1210 1299 1347
1110 301 729 1315 674 1222 1237 1214 1299 4095
2144 308 491 994 885 1218 1216 1224 1297 1322
1722 294 618 973 1668 1233 1238 1225 1298 1335
2265 349 766 868 1508 1216 1209 1207 1298 1332
1224 296 785 1009 1180 1223 1228 1219 1298 1331
1709 287 979 957 673 1216 1220 1208 1296 4095
1338 291 778 1054 954 1232 1220 1217 1297 1332
1146 292 674 1155 1399 1239 1219 1213 1297 1320
2023 319 1301 1111 1275 1210 1228 1218 1299 1312
1253 295 784 1057 927 1229 1233 1217 1300 1350
1096 356 658 1706 2238 1241 1211 1231 1295 1295
1206 356 613 1012 922 1226 1215 1213 1297 1345
1580 310 659 1005 834 1216 1210 1218 1299 1400
2950 303 455 915 904 1213 1209 1216 1297 1337
1613 299 755 986 1030 1222 1217 1224 1297 1335
2240 329 682 986 1674 1225 1221 1225 1298 1308
1835 297 768 268 785 1197 1205 1190 1298 1301
2950 285 506 1008 1391 1220 1230 1222 1298 1295
2485 420 2320 612 2488 1214 1210 1198 1297 1297
1255 306 1025 1450 612 1219 1223 1216 1297 4095
3109 290 785 968 2870 1222 1220 1217 1297 1294
1716 306 597 993 2232 1235 1216 1222 1297 1292
1299 294 546 1070 936 1222 1231 1234 1299 1400
1794 328 650 1178 1071 1228 1209 1221 1298 1348
1664 370 578 1359 970 1224 1228 1222 1298 1335
1228 323 559 1031 869 1216 1221 1211 1297 1321
1913 295 706 836 974 1233 1240 1219 1300 1306
1417 344 586 1287 1147 1225 1212 1223 1298 1297
4095 429 558 1053 1086 1224 1222 1233 1297 1307
1542 367 599 1267 1770 1223 1213 1224 1298 1435
1822 328 563 1377 1800 1219 1214 1226 1298 1327
2068 332 580 950 1184 1223 1227 1230 1299 1317
1715 388 665 970 1233 1215 1214 1214 1297 1317
1223 306 518 1227 1565 1228 1235 1219 1299 1310
1952 297 560 1067 609 1226 1212 1213 1298 4095
2306 334 616 1031 1244 1221 1212 1222 1299 1297
1316 286 594 934 848 1220 1240 1213 1299 1438
1656 301 610 1107 1208 1218 1223 1226 1298 1366
1315 303 646 893 1368 1217 1218 1217 1297 1308
2140 290 1059 1241 1331 1212 1261 1211 1299 1304
2234 376 675 745 811 1217 1212 1218 1298 1336
901 285 589 1286 2372 1232 1229 1221 1298 1288
1231 306 553 958 1354 1226 1233 1229 1299 1328
1690 460 474 924 1312 1214 1208 1223 1298 1314
1077 311 623 1099 860 1230 1215 1216 1297 1308
1767 339 916 1167 1789 1222 1205 1208 1298 1297
1615 347 663 1446 1727 1216 1209 1216 1298 1292
1154 310 716 1041 1045 1218 1237 1216 1299 1361
2247 301 577 1177 568 1216 1234 1223 1298 4095
2178 347 641 865 836 1217 1220 1222 1296 1329
3561 300 863 1083 973 1204 1238 1212 1300 1310
1407 318 567 469 1081 1214 1204 1217 1298 1300
4095 333 1226 636 839 1210 1207 1203 1298 1360
4095 307 502 703 2808 1224 1231 1223 1299 1285
2083 359 677 949 1170 1218 1222 1213 1296 1343
1182 298 742 973 1054 1233 1220 1214 1296 1323
4095 490 584 1186 984 1212 1207 1229 1298 1316
4095 348 608 1036 1414 1212 1218 1221 1298 1313
2387 338 655 954 508 1219 1219 1210 1297 4095
1768 355 539 993 1024 1222 1213 1227 1298 1375
1397 368 592 753 962 1227 1211 1220 1299 1308
1260 427 600 1025 906 1229 1212 1223 1298 1314
3774 336 1179 907 1505 1212 1220 1212 1297 1285
1296 280 495 985 1419 1226 1228 1232 1298 1318
1429 339 535 1779 1109 1225 1226 1226 1298 1307
2781 292 503 1080 1358 1216 1218 1222 1298 1310
2792 296 538 930 1302 1230 1247 1221 1299 1302
2227 304 836 474 1196 1213 1208 1206 1298 1317
4095 344 789 1906 1744 1222 1215 1225 1297 1323
1571 318 627 809 774 1225 1247 1218 1300 1365
4095 628 905 1170 1004 1216 1202 1216 1300 1409
2201 305 577 907 801 1217 1215 1223 1297 1331
1140 310 564 1137 820 1218 1219 1221 1296 1308
1795 358 369 982 997 1218 1216 1261 1296 1302
1430 386 588 542 1207 1209 1204 1206 1297 1312
1216 447 741 1034 1601 1214 1211 1213 1298 1293
1728 322 602 1562 892 1231 1230 1233 1297 1331
1941 317 625 878 943 1212 1214 1211 1297 1316
2075 325 738 1343 950 1233 1221 1213 1298 4095
2152 318 596 1041 997 1225 1209 1220 1298 1312
1397 483 635 1074 1066 1232 1206 1223 1298 1315
1853 337 690 897 877 1228 1207 1220 1299 1308
2687 332 705 924 1515 1224 1222 1218 1297 1430
1679 338 650 1016 1660 1215 1212 1214 1298 1321
1316 378 584 891 1103 1222 1208 1221 1298 1332
2454 337 670 867 1419 1216 1225 1213 1297 1361
1982 327 1000 1128 988 1221 1220 1218 1298 1321
3408 340 1264 1534 783 1222 1223 1212 1297 1335
2355 353 694 1152 1564 1205 1216 1219 1298 1317
2145 280 595 499 1162 1221 1243 1210 1298 1291
2992 351 539 943 2732 1222 1212 1218 1298 1343
1486 283 756 926 1523 1221 1239 1230 1299 1310
2667 418 563 1875 1303 1215 1214 1221 1296 1306
2226 312 619 1371 829 1214 1214 1228 1297 1332
2273 304 750 1433 1209 1225 1221 1225 1298 1315
1154 312 507 1058 1012 1217 1224 1232 1297 1329
1989 553 555 1003 1057 1225 1200 1215 1299 1321
2291 302 516 1371 1674 1229 1228 1225 1297 1295
2229 329 775 1127 688 1228 1201 1219 1298 4095
4095 546 1043 1228 1758 1220 1207 1218 1298 1323
3505 344 563 1016 879 1222 1217 1220 1296 4095
2068 317 747 918 1656 1222 1230 1217 1298 1316
2391 309 532 979 1456 1215 1228 1227 0 1315
1137 318 722 846 1450 1230 1235 1217 1298 1314
1481 298 620 843 728 1218 1226 1212 1296 1478
3180 337 474 1228 1414 1219 1209 1216 1298 1306
3922 321 645 1058 878 1220 1218 1210 1297 1330
3743 355 690 1014 2992 1230 1204 1205 1298 1295
1951 470 780 1021 1234 1232 1205 1217 1298 1331
2162 311 613 941 1307 1223 1225 1219 1298 1296
1195 318 771 933 985 1227 1220 1223 1298 1312
4095 776 691 939 736 1228 1204 1214 1299 1334
1451 299 693 836 1437 1223 1216 1223 1297 1316
1456 298 1049 1094 1519 1204 1223 1212 1298 1320
2014 342 774 1066 1597 1223 1219 1211 1297 1334
2188 303 790 828 1350 1219 1225 1224 1297 1323
1023 282 774 1050 926 1232 1213 1210 1298 1338
1565 305 1038 1392 1480 1235 1240 1220 1299 1296
1957 485 823 1071 711 1230 1205 1222 1299 1343
1798 298 626 924 1043 1215 1229 1214 1297 1308
2419 289 526 879 897 1230 1231 1223 1297 1350
1128 270 490 942 1743 1221 1230 1253 1299 1308
3354 318 733 855 1272 1217 1210 1208 1298 1310
1927 291 1943 957 1739 1216 1236 1200 1298 1294
2170 339 744 978 1647 1225 1226 1222 1298 1408
2537 334 742 1098 1060 1221 1225 1220 1298 1307
1494 354 520 914 1380 1225 1218 1229 1298 1318
1484 303 559 901 1183 1219 1247 1224 1299 1326
1182 525 827 1644 3576 1230 1207 1217 1299 1287
1262 399 705 1032 1101 1215 1212 1226 1298 1336
1822 304 726 1814 1419 1223 1218 1220 1297 1301
3294 304 507 935 1324 1215 1219 1215 1298 1309
2139 328 1341 1238 1895 1216 1216 1216 1297 1292
2097 281 732 1412 1342 1231 1225 1227 1297 1368
2226 401 694 802 449 1226 1218 1218 1297 4095
1010 319 472 1042 1106 1217 1217 1231 1297 1325
2800 295 755 742 1170 1216 1229 1215 1298 1373
1504 304 829 1598 1658 1224 1218 1215 1297 1298
4095 370 743 1518 1131 1225 1216 1230 1298 1298
1840 303 536 799 910 1219 1224 1226 1297 1359
1999 305 620 917 999 1230 1243 1225 1300 1313
2330 299 570 908 1155 1224 1235 1221 1299 1312
1737 297 594 903 1871 1218 1223 1221 1298 1313
2920 281 528 1074 1270 1228 1233 1220 1299 1311
4062 293 547 1050 2101 1211 1220 1216 1298 1320
1946 268 616 1132 1082 1213 1205 1214 1299 1315
1873 375 3029 1121 3062 1215 1213 1197 1297 1293
2042 338 596 1154 1384 1232 1215 1216 1298 1296
1632 303 483 871 1628 1225 1219 1217 1297 1297
1311 360 684 888 995 1224 1216 1216 1297 1328
893 321 368 918 912 1225 1231 1236 1298 1337
1823 357 675 987 1373 1213 1215 1212 1297 1292
2771 345 575 1001 726 1214 1219 1217 1297 1324
1521 302 593 977 962 1226 1228 1232 1298 1449
4095 350 752 963 3113 1215 1224 1217 1298 1288
1344 339 875 1001 1722 1216 1202 1212 1298 1302
1835 347 655 1381 1004 1216 1210 1226 1297 1323
1193 325 706 1080 1546 1232 1234 1220 1299 1291
4095 301 483 1040 1274 1220 1224 1227 1297 1291
3240 313 772 983 828 1228 1215 1217 1299 1306
1869 317 582 1140 1027 1227 1236 1225 1299 1297
2326 335 610 948 1358 1219 1216 1213 1297 1309
1702 286 675 911 892 1227 1246 1223 1300 1326
1408 600 541 1030 790 1224 1203 1222 1299 4095
1824 399 1167 573 962 1208 1203 1199 1298 1311
2207 312 674 1027 1074 1219 1221 1219 1298 1356
1497 331 684 1060 1383 1227 1212 1214 1298 1309
1089 314 921 852 1051 1218 1216 1211 1296 1307
4095 347 585 902 1132 1204 1213 1213 1298 1323
4095 303 639 1398 840 1221 1250 1224 1299 1324
1958 344 638 1677 988 1228 1223 1227 1297 1341
3360 573 667 1283 1526 1219 1205 1226 1298 1319
2651 318 1001 1401 2559 1230 1230 1219 1298 1299
1871 294 621 1084 1156 1225 1229 1231 1298 1305
2394 313 670 811 754 1223 1216 1220 1297 1313
3840 332 739 976 1116 1210 1211 1207 1298 1349
1622 299 1122 1138 981 1213 1214 1209 1297 1318
1509 446 612 1570 4095 1239 1203 1226 1298 1280
1118 292 919 1974 1643 1224 1232 1220 1298 1311
2511 315 584 1013 2301 1219 1225 1214 1297 1289
2641 368 722 1384 819 1215 1214 1213 1298 1335
4095 401 665 1033 2766 1211 1213 1218 1297 1294
3372 304 612 818 1177 1218 1214 1219 1298 1317
1987 311 551 983 1042 1219 1243 1224 1301 1321
1307 311 624 1199 1192 1218 1216 1220 1297 1355
1450 317 683 1131 1075 1221 1215 1220 1298 1310
2114 317 694 1401 1132 1221 1225 1223 1297 1468
1463 338 449 1141 1486 1219 1217 1221 1296 1319
2512 336 898 1001 1027 1216 1230 1214 1297 1305
3223 396 694 944 1568 1228 1211 1223 1298 1303
2395 296 886 979 1475 1218 1236 1218 1298 1301
2239 313 499 1025 1241 1215 1217 1230 1297 1320
3360 349 659 1124 890 1225 1220 1216 1298 1308
2883 350 638 1181 1130 1206 1215 1229 1297 1296
1340 328 760 1514 1046 1211 1211 1212 1297 4095
1748 304 1338 997 362 1216 1233 1203 1297 1456
1638 394 701 925 1841 1210 1206 1219 1298 1294
4095 353 546 950 1621 1215 1234 1222 1298 1299
4095 331 602 815 1149 1219 1215 1226 1297 1320
4095 455 315 1664 2471 915 1326 926 988 1412
1632 295 751 778 4095 1232 1221 1221 1296 1302
1411 312 684 1031 1308 1227 1230 1224 1299 1419
1913 319 448 1223 906 1218 1212 1218 1298 1348
2085 307 529 1282 1408 1215 1218 1220 1297 1308
2043 289 584 962 1053 1222 4095 1219 1300 1324
3847 334 908 1045 849 1223 1223 1217 1298 1322
2934 309 1028 963 616 1222 1227 1212 1298 1324
1717 314 604 898 1296 1212 1219 1222 1297 1297
1278 343 975 979 1326 1230 1222 1213 1297 1293
2389 334 586 838 1142 1222 1225 1231 1297 1321
1556 339 639 1220 1421 1227 1219 1236 1298 1357
1470 618 821 1100 1993 1221 1206 1212 1298 1293
898 344 631 920 895 1225 1219 1222 1296 1302
1221 351 870 1057 1112 1219 1220 1212 1297 1412
1942 355 682 1092 1072 1208 1226 1220 1299 1317
1339 298 550 1007 513 1219 1234 1238 1299 4095
3534 644 599 933 1050 1209 1203 1226 1299 1355
1796 305 575 976 595 1227 1226 1227 1298 4095
1183 313 496 950 837 1226 1228 1226 1299 1327
1630 290 577 961 1645 1224 1214 1223 1298 1311
1563 304 723 1020 1896 1231 1215 1220 1299 1331
1553 342 797 1003 2085 1221 1231 1215 1298 1287
3141 376 1123 952 2403 1213 1197 1201 1297 1300
1653 303 1662 1561 2358 1216 1216 1206 1297 1368
1774 398 569 911 608 1216 1198 1205 1298 4095
1020 324 717 1042 1395 1220 1216 1227 1298 1299
2802 316 757 948 1105 1231 1216 1206 1296 1301
1536 335 378 890 1594 1228 1229 1239 1298 1307
1750 319 670 540 1090 1212 1215 1209 1297 1307
355 293 662 1009 859 1225 1217 1219 1297 1326
3852 322 1163 941 1636 1223 1226 1208 1296 1304
1794 297 615 1927 919 1220 1226 1237 1297 1358
1141 636 702 648 2904 1221 1202 1214 1299 1282
724 398 608 914 932 1226 1211 1226 1298 1378
2156 418 499 1106 637 1230 1210 1223 1297 4095
1549 334 579 945 953 1227 1207 1223 1299 1435
1930 311 699 986 1694 1227 1221 1220 1298 1302
3559 311 611 947 903 1217 1251 1222 1300 0
1901 352 581 1571 1005 1231 1225 1223 1298 1336
1657 319 1291 1222 1144 1226 1238 1213 1299 1302
1415 372 1052 1086 871 1218 1205 1212 1298 1307
1686 432 760 1346 798 1225 1215 1218 1299 1376
2019 341 354 935 1211 1219 1215 1222 1299 1337
1624 294 679 835 4095 1210 1218 1205 1297 1299
1601 319 699 935 580 1213 1218 1221 1296 1413
1549 280 684 869 1486 1221 1218 1211 1298 1299
1724 281 528 933 591 1214 1217 1228 1297 4095
2003 331 563 866 1911 1227 1218 1219 1298 1309
2872 304 677 898 1219 1222 1220 1215 1297 1297
2007 392 656 889 1331 1219 1211 1210 1297 1327
1512 360 559 1028 1483 1220 1214 1216 1298 1306
1767 410 690 1514 919 1226 1216 1218 1297 4095
1643 310 485 970 2609 1225 1231 1225 1298 1288
1407 317 798 1136 729 1216 1239 1214 1300 1472
1686 311 552 1479 745 1220 1217 1231 1297 1341
1693 299 553 804 1385 1220 1217 1214 1297 1310
1546 312 592 1232 1006 1221 1230 1228 1298 1316
1872 338 448 893 1594 1218 1224 1242 1298 1298
2345 297 965 1059 1396 1216 1221 1214 1296 1291
1408 331 614 1203 1884 1221 1220 1226 1297 1303
2380 293 533 978 822 1222 1232 1223 1298 1391
2794 309 748 1513 869 1221 1229 1218 1299 1321
1699 602 449 1253 734 1223 1200 1231 1298 1455
2300 302 543 805 1512 1225 1246 1227 1299 1291
1819 325 737 1419 561 1227 1248 1219 1299 4095
1962 533 626 912 1430 1219 1208 1223 1297 1319
1954 311 649 903 1528 1216 1239 1216 1300 0
2077 438 666 1874 1221 1224 1214 1233 1298 1298
4095 354 755 1153 555 1216 1210 1222 1298 4095
3973 303 542 1036 907 1213 1218 1220 1297 1334
1608 325 658 928 1373 1224 1214 1222 1297 1294
1754 308 647 1055 1060 1220 1217 1223 1297 1303
3809 298 751 1021 1284 1222 1221 1222 1297 1321
1729 327 615 954 825 1223 1216 1222 1298 1388
1450 513 625 1442 812 1240 1204 1211 1298 1318
1484 412 487 1961 1798 1217 1213 1255 1296 1298
1920 355 595 1278 791 1224 1214 1222 1298 1333
3091 418 573 907 2569 1208 1204 1218 1299 1316
1150 300 631 1386 1466 1212 4095 1220 1301 1305
1378 277 599 1075 1689 1221 1231 1225 1298 1315
2197 377 689 911 760 1220 1210 1208 1298 1314
4095 329 707 1189 1385 1222 1213 1226 1298 1410
2996 286 860 1093 434 1214 1221 1208 1297 4095
1895 330 897 873 893 1216 1239 1206 1299 4095
1857 338 673 1062 1531 1221 1210 1221 1299 1298
2396 305 732 1179 545 1216 1214 1221 1298 4095
2009 355 357 1452 736 1218 1220 1246 1296 1309
2411 345 670 1105 1321 1195 1210 1222 1298 1286
1420 293 630 1043 935 1224 1232 1210 1298 1327
1465 309 491 945 1234 1220 1220 1221 1296 1308
2600 312 518 1238 976 1211 1213 1221 1297 1331
1349 404 736 967 477 1227 1203 1209 1298 4095
1489 278 1186 1008 829 1225 1226 1206 1296 1334
1178 326 415 1518 1301 1223 1226 1236 1298 1305
1657 333 774 905 1074 1231 1221 1221 1297 1305
1424 325 555 842 2214 1214 1222 1215 1297 1296
3620 374 614 1355 1174 1218 1213 1215 1296 1307
1240 329 664 914 928 1226 1220 1224 1298 1312
2157 303 642 1004 894 1238 1242 1240 1300 1335
1995 302 778 896 995 1217 1216 1219 1296 1311
1397 301 621 876 889 1223 1239 1231 1300 1404
2395 436 567 1075 2265 1210 1208 1217 1299 1288
4095 315 720 546 1948 1218 1228 1220 1298 1409
2854 339 582 1073 1570 1221 1210 1216 1298 1328
1817 272 523 1353 1366 1219 1242 1231 1299 1303
1921 551 516 899 2049 1238 1202 1216 1300 1295
1853 313 619 1012 1204 1225 1231 1217 1299 4095
2284 384 638 844 1168 1217 1206 1223 1298 1305
1548 330 667 961 917 1215 1217 1215 1297 1316
1124 300 693 992 1007 1214 1217 1217 1296 1324
1372 311 667 958 601 1223 1224 1221 1298 1331
2302 387 765 901 1138 1221 1210 1216 1297 1343
1166 332 570 980 976 1216 1215 1212 1296 1300
1503 382 606 889 1281 1231 1207 1214 1298 1309
2171 331 678 826 1522 1208 1206 1218 1299 1296
2913 279 955 978 420 1227 1216 1217 1297 4095
1936 304 557 334 455 1212 1212 1216 1298 4095
1564 316 552 1010 1212 1239 1231 1227 1298 1316
3204 297 671 804 1409 1209 1211 1210 1298 1297
1713 323 631 800 1190 1216 1210 1218 1297 1314
1035 383 603 851 902 1213 1202 1220 1299 4095
2513 332 732 1689 860 1229 1227 1221 1298 1351
2079 312 637 1125 1294 1220 1263 1219 1299 1306
1173 308 566 1239 1403 1222 1227 1220 1298 1332
2836 410 777 1082 1305 1225 1208 1217 1298 1317
1089 540 664 1517 2474 1231 1204 1221 1299 1292
1531 300 553 1288 672 1219 1225 1223 1297 4095
1865 301 698 1147 821 1226 1216 1212 1298 1353
3524 330 621 894 950 1216 1210 1221 1298 1375
994 306 649 948 1259 1232 1218 1222 1297 1301
1500 302 566 1068 979 1219 1215 1222 1297 1322
1370 303 831 1228 1526 1217 1219 1219 1296 1303
1206 364 614 980 1681 1224 1213 1222 1298 729
1464 376 707 935 3167 1228 1215 1217 1297 1288
1570 307 650 922 1601 1225 1233 1216 1298 1352
4095 330 674 1092 1400 1222 1219 1221 1297 1305
3815 306 805 881 1136 1218 1226 1224 1297 1430
1339 295 432 1001 2391 1217 1238 1222 1300 1284
2616 296 606 897 1264 1206 1217 1218 1296 1298
4095 325 637 513 1119 1216 1211 1203 1297 1309
1161 299 787 1029 963 1224 1207 1204 1299 1299
1369 378 702 961 1068 1231 1203 1216 1299 1436
1159 368 721 880 1303 1217 1216 1212 1297 1339
1604 294 617 882 1422 1221 1218 1218 1297 1308
1177 288 547 1045 1378 1229 1232 1223 1299 1336
1972 333 774 1307 1001 1218 1213 1220 1298 1335
1547 300 572 894 928 1223 1237 1215 1299 1303
1330 297 432 884 1228 1214 1218 1233 1296 1314
1311 308 644 865 1169 1215 1224 1210 1297 1315
1534 381 1005 822 958 1233 1218 1210 1297 1327
1704 343 708 994 1034 1224 1203 1212 1299 1341
3322 297 598 856 1224 1219 1225 1232 1297 1335
2285 306 709 957 1235 1223 1218 1218 1298 1310
2503 307 709 877 1159 1229 1213 1217 1298 1415
1141 370 537 1242 2566 1218 1215 1225 1299 1308
1846 315 716 942 915 1231 1232 1217 1298 1321
2100 301 641 1040 618 1219 1219 1227 1297 1339
3378 332 816 916 1060 1215 1225 1213 1297 1639
1654 316 626 918 1328 1219 1215 1222 1297 1328
3572 310 539 1086 874 1220 1252 1227 1300 1373
1474 313 687 831 1403 1231 1239 1227 1299 1296
2206 303 857 1805 825 1224 1223 1213 1297 1351
1389 311 647 984 446 1212 1219 1213 1297 4095
1553 281 483 943 499 1219 1235 1218 1299 4095
1792 339 683 959 568 1210 1216 1210 1297 4095
2448 329 603 1462 1341 1222 1236 1234 1300 1289
1417 415 852 978 2208 1231 1211 1228 1298 1297
1162 362 574 996 903 1215 1220 1236 1297 1361
1817 451 601 971 905 1226 1207 1219 1299 1316
1496 348 869 859 1200 1219 1218 1223 1297 1350
1278 298 829 961 712 1217 1227 1210 1297 4095
2274 335 610 1031 1017 1220 1220 1220 1297 1400
1769 332 836 930 905 1226 1214 1211 1298 4095
1625 327 660 1007 978 1227 1219 1209 1297 1434
1684 443 1012 998 1351 1229 1203 1207 1297 1306
1588 302 708 867 1187 1221 1229 1214 1297 1302
1821 304 579 830 1096 1225 1217 1220 1297 1309
1826 379 525 860 909 1220 1211 1224 1297 1313
2149 356 658 1004 1481 1228 1211 1214 1298 1304
1396 304 825 872 1089 1236 1237 1219 1299 1337
1629 305 769 1272 1804 1230 1240 1214 1299 1316
1801 503 533 1226 1602 1218 1211 1224 1296 1317
1113 293 611 975 987 1234 1226 1214 1297 1298
2875 356 880 806 1429 1217 1213 1207 1297 1302
1950 318 721 951 1037 1223 1227 1214 1298 1302
1176 290 754 228 950 1200 1226 1203 1297 1336
3797 316 573 908 932 1216 1212 1220 1297 1372
1889 306 480 1148 1399 1220 1211 1224 1297 1302
1451 293 758 952 990 1222 1230 1217 1298 1323
1325 423 665 939 1327 1224 1206 1225 1298 1332
2919 361 439 827 921 1214 1217 789 1297 1353
3831 323 734 695 1296 1215 1219 1215 1297 1310
1107 619 620 883 900 1230 1201 1225 1299 1332
2330 377 1311 1831 1296 1216 1213 1213 1297 1327
1694 303 584 1172 780 1213 1221 1218 1298 1338
1237 294 576 1524 2667 1219 1229 1225 1298 1301
2361 304 613 996 1076 1228 1224 1231 1298 1300
1556 313 1357 991 988 1222 1213 1019 1299 1339
1986 440 540 1160 1728 1222 1208 1227 1298 1292
1936 306 636 959 1770 1225 1215 1222 1298 1298
1712 383 500 983 1844 1223 1209 1229 1298 1314
4095 288 639 863 271 1210 1218 1223 1296 4095
4095 333 681 850 2027 1217 1215 1222 1297 1296
1941 283 812 1173 1292 1223 1223 1216 1297 1315
3379 482 663 879 1115 1209 1208 1216 1298 1306
1119 337 637 1430 1415 1210 1212 1223 1299 1309
2639 387 757 976 880 1226 1206 1211 1296 1320
3285 310 617 947 1208 1223 1211 1217 1298 1319
3658 312 632 1058 1887 1220 1238 1221 1300 1309
1707 388 1486 1038 1757 1228 1216 1212 1297 1429
1143 328 569 1070 1478 1226 1215 1223 1297 1296
1578 301 500 969 691 1222 1235 1232 1299 1370
3944 426 549 670 1777 1208 1199 1204 1297 1285
2732 350 630 1549 974 1231 1217 1226 1297 4095
3435 355 1020 891 1042 1214 1201 1205 1299 1309
4095 311 514 1006 830 1215 1218 1231 1296 1368
963 297 640 851 862 1218 1218 1227 1297 1416
1470 297 669 938 957 1232 1239 1220 1299 1319
1686 369 579 1004 1234 1225 1213 1226 1297 1295
1257 290 533 1150 613 1222 1226 1215 1298 4095
2290 431 570 766 802 1230 1212 1223 1299 1358
2580 613 528 1033 1522 1212 1201 1215 1299 1330
2625 322 821 1033 1012 1214 1211 1220 1298 1318
1840 347 970 1066 702 1220 1206 1208 1297 4095
1263 338 500 1404 891 1226 1216 1222 1298 1337
1415 318 654 1189 932 1224 1221 1214 1295 1367
1832 307 720 1361 500 1223 1218 1221 1297 4095
2176 554 851 954 2531 1222 1206 1220 1299 1288
2818 436 509 1071 1048 1223 1214 1233 1297 1329
1101 439 629 1162 1242 1232 1209 1215 1299 1335
1662 421 655 879 1658 1216 1206 1219 1298 1337
1537 292 517 922 1404 1228 1219 1224 1296 1313
1491 384 647 876 1653 1219 1213 1216 1297 1317
2744 349 694 875 1020 1214 1217 1217 1297 1295
2484 394 354 1100 1313 1217 1217 1241 1297 1313
1660 346 864 963 930 1222 1223 1218 1298 1342
2507 342 514 1418 1081 1230 1209 1225 1299 1292
2028 306 874 1162 876 1216 1218 1218 1298 1310
1728 345 953 503 1092 1215 1208 1204 1296 1332
1149 323 883 1534 1202 1223 1214 1214 1298 1319
1901 322 679 935 1342 1220 1220 1216 1297 1314
1740 327 799 897 1218 1226 1214 1223 1297 1314
1728 325 686 1504 771 1222 1224 1222 1299 1353
1612 364 760 1121 1279 1232 1217 1221 1298 1304
2247 343 718 1276 969 1245 1210 1219 1299 1318
1612 315 549 1288 728 1224 1212 1211 1297 0
1469 309 724 1521 585 1219 1227 1220 1297 4095
1207 332 987 1098 1236 1228 1215 1219 1298 1328
1840 490 932 1297 1504 1234 1202 1211 1299 1300
1674 313 1405 921 762 1223 1232 1208 1297 1336
1691 301 791 785 1104 1212 1221 1222 1296 4095
4095 699 895 988 3511 1220 1208 1219 1299 1294
2122 331 583 951 1425 1233 1215 1225 1297 1295
2174 437 712 688 1104 1220 1208 1216 1298 1300
3003 344 670 969 1519 1219 1212 1207 1297 1303
3286 315 687 929 933 1215 1218 1219 1297 1359
4095 553 643 1146 2576 1226 1202 1222 1299 1299
3947 337 655 946 2185 1215 1210 1212 1297 1286
3157 291 625 881 1093 1225 1227 1222 1298 4095
1838 284 513 1082 1116 1218 1244 1221 1300 1358
1628 322 933 2027 1785 1224 1217 1218 1297 1313
2051 319 927 785 1439 1215 1208 1210 1297 1296
3165 334 649 951 1370 1219 1217 1220 1297 1322
1549 287 706 885 505 1220 1220 1219 1297 1340
2897 282 521 843 869 1217 1229 1209 1297 1305
1320 347 791 918 1162 1231 1223 1215 1296 1321
1605 385 570 1020 688 1220 1206 1216 1298 0
1957 432 640 1490 1445 1227 1206 1225 1299 1322
1618 305 601 1020 422 1226 1233 1219 1299 4095
3487 283 744 889 803 1222 1233 1221 1298 1356
1732 339 606 1118 954 1238 1213 1236 1298 1421
4095 373 503 1534 910 1219 1210 1221 1298 4095
1827 347 597 901 1196 1206 1209 1212 1297 1310
1505 279 743 153 912 1189 1198 1181 1298 1293
1776 313 542 987 1188 1209 1216 1222 1297 1325
2892 306 572 1123 1197 1219 1230 1222 1297 1303
1504 361 587 1005 707 1222 1206 1224 1299 1416
3155 310 570 1003 712 1213 1213 1221 1299 1322
1883 333 567 247 1171 1173 1182 1192 1300 1286
1427 452 1026 970 1530 1222 1207 1208 1298 1412
2238 324 682 721 1276 1216 1207 1221 1298 1303
1689 271 621 875 2080 588 1220 1212 1298 658
1743 310 757 852 1278 1231 1223 1209 1298 1312
4095 333 950 1412 1061 1230 1219 1224 1297 1376
1532 344 672 843 1370 1228 1203 1213 1299 1296
1053 285 787 835 1301 1216 1221 1216 1297 1320
2091 316 575 1501 1238 1220 1217 1223 1297 1335
4095 610 1127 1321 795 1217 1203 1216 1298 1317
1432 315 1093 1219 901 1217 1218 1210 1297 4095
1558 283 633 1106 1326 1219 1232 1209 1298 1324
807 301 672 875 1063 1227 1228 1212 1298 1309
1381 320 1034 967 1298 1224 1225 1211 1298 1304
2235 292 1017 1527 1408 1219 1229 1214 1298 1350
2847 293 795 893 1360 1218 1243 1213 1298 1312
1207 317 523 848 957 1229 1215 1227 1298 1300
4095 307 580 866 1628 1218 1226 1226 1298 1426
1824 349 1147 992 2766 1224 1228 1205 1297 1310
1270 310 1015 889 731 1211 1224 1209 1297 1312
1949 326 856 400 1528 1205 1203 1201 1298 1286
1827 319 774 1234 1164 1225 1208 1216 1298 1420
1564 360 610 1035 1546 1219 1210 1213 1298 1411
1680 306 716 944 989 1216 1217 1217 1297 1305
2416 324 716 1136 858 1219 1232 1216 1298 4095
4060 334 953 1254 817 1219 1224 1223 1298 1325
1533 313 415 912 1008 1228 1215 1238 1299 1365
1785 287 722 1387 533 1222 1229 1218 1298 4095
1588 394 1007 724 740 1235 1209 1216 1298 4095
1437 282 562 967 881 1222 1213 1224 1296 4095
1449 291 801 542 1390 1221 1225 1204 1298 1294
3117 327 663 1022 1027 1220 1226 1222 1297 1318
2110 622 636 1946 979 1228 1205 1215 1299 1331
3410 343 560 824 1235 1218 1208 1214 1299 1316
1306 294 681 1536 1607 1239 1227 1226 1295 1329
2338 327 588 887 1248 1221 1215 1223 1299 1338
1632 422 592 957 1257 1224 1209 1227 1298 1298
3992 598 541 1365 1137 1232 1207 1227 1298 1347
1772 294 585 902 896 1222 1212 1218 1297 1631
1366 297 687 1342 785 1221 1218 1212 1297 1310
3796 302 682 938 534 1217 1218 1211 1297 4095
3587 454 984 1422 1221 1223 1214 1220 1297 1320
1796 298 563 1028 789 1218 1213 1221 1297 1362
1023 297 504 1224 1175 1228 1217 1228 1298 1314
2237 395 729 996 1289 1221 1218 1226 1297 1323
4095 315 1139 1011 579 1219 1221 1219 1298 4095
1916 328 576 937 1539 1219 1215 1220 1297 1332
1691 312 858 946 990 1215 1213 1215 1297 1306
1245 362 623 1119 898 1213 1217 1225 1297 1351
2088 289 626 986 935 1215 1216 1222 1297 1301
1866 280 524 1060 1055 1209 1236 1225 1299 1320
1440 394 494 1182 985 1225 1223 1229 1298 1332
1196 288 387 926 586 1220 1216 1225 1297 4095
1782 325 741 1548 1203 1220 1222 1222 1297 1323
1330 349 596 997 949 1229 1220 1224 1297 1360
2516 275 578 869 525 1226 1224 1220 1298 4095
2375 296 727 219 1686 1214 1208 1200 1297 1405
1985 403 1031 1223 848 1246 1220 1219 1298 1341
3094 299 894 1016 959 1217 1223 1214 1297 1495
158 350 655 940 1213 1307 1219 1211 1295 1336
2199 391 2453 901 838 1223 1206 1203 1299 1307
1507 301 649 1074 904 1232 1219 1225 1296 1391
1818 322 514 1071 837 1227 1212 1227 1298 1326
3003 311 1015 953 1028 1223 1225 1219 1298 1369
1670 303 1085 996 1819 1210 1210 1209 1298 1443
2548 292 606 617 1840 1206 1203 1217 1298 1299
1809 330 539 1078 961 1220 1210 1222 1298 1321
4095 324 622 1185 1470 1209 1239 1224 1299 1382
1656 290 769 405 1005 1203 1206 1204 1297 1291
2423 318 949 1641 769 1224 1237 1219 1300 1308
1363 324 735 1058 1984 1211 1205 1207 1297 1290
1737 299 557 927 1011 1220 1222 1225 1298 1309
4057 314 621 997 864 1221 1225 1216 1298 1325
2542 483 511 1086 841 1232 1204 1235 1299 1315
1344 303 915 1433 893 1228 1228 1228 1298 1314
1114 342 1739 1907 514 1218 1213 1215 1297 4095
1653 290 1044 1002 883 1221 1219 1219 1297 1389
2062 476 614 935 1026 1214 1209 1219 1298 1303
2078 317 522 1048 1216 1245 1227 1255 1299 1311
1326 348 670 826 819 1212 1212 1216 1298 1326
4095 542 590 960 2582 1217 1207 1219 1297 1310
3085 309 867 1007 1095 1215 1214 1206 1296 1304
1670 345 598 818 1479 1214 1213 1214 1298 1304
4095 338 592 1066 845 1219 1228 1231 1296 4095
1494 289 657 948 746 1220 1223 1215 1297 4095
4095 377 593 1344 1047 1213 1212 1208 1298 1317
3271 308 810 1130 1123 1223 1221 1209 1298 1409
2048 341 600 1133 1232 1224 1217 1236 1297 4095
2966 540 887 902 711 1225 1201 1216 1298 4095
3472 316 882 1657 912 1229 1215 1213 1298 1307
1456 305 807 957 950 1222 1227 1218 1298 1305
1925 300 641 950 1284 1212 1221 1205 1297 1464
1675 305 975 835 1206 1221 1213 1211 1297 1300
1942 280 529 911 1791 1221 1229 1228 1298 1286
1532 376 521 955 2831 1221 1211 1229 1299 1296
2298 355 589 1005 1413 1216 1219 1228 1297 1315
1311 311 924 872 1026 1228 1215 1219 1299 1324
4095 820 502 948 1596 1223 1190 1247 1299 1292
1762 479 724 833 2494 1212 1209 1217 1298 1295
1921 300 532 875 560 1238 1229 1236 1298 4095
1861 414 743 1058 1056 1218 1208 1208 1296 1301
2247 326 540 447 2237 1225 1207 1212 1298 1293
1632 258 474 929 1016 1223 1231 1224 1298 1326
1829 349 870 1487 818 1219 1209 1212 1298 1319
1468 312 727 1003 1257 1216 1212 1221 1297 1305
1730 339 726 1167 4095 1217 1210 1216 1297 1420
1924 363 673 1287 1099 1214 1215 1220 1296 1309
1850 326 591 1279 2038 1223 1216 1213 1297 1399
356 307 695 996 947 1213 1204 1213 1298 1308
1367 322 798 954 766 1219 1217 1217 1296 1321
1962 341 888 826 1077 1217 1216 1221 1296 1376
2325 349 514 1053 2372 1214 1215 1223 1297 1295
1057 395 669 1008 1364 1232 1213 1221 1297 1302
1619 333 678 1030 1217 1232 1220 1219 1298 1305
1347 310 554 1353 402 1219 1238 1225 1298 4095
2508 604 746 968 1396 1229 1204 1222 1299 1319
2783 365 581 859 3574 1205 1213 1225 1298 1289
1712 650 1039 1359 3844 1221 1199 1214 1298 1286
2019 306 287 1085 2694 1219 1221 1233 1296 1283
1568 291 574 936 939 1219 1216 1224 1297 4095
1530 318 597 1035 1190 1225 1225 1220 1298 1365
