102 116 102 109 182 1306 4095 4095 4095 4095
99 107 103 138 103 4095 4095 4095 1297 4095
98 105 99 129 149 4095 4095 4095 1297 4095
100 107 103 126 184 4095 4095 4095 1299 4095
100 116 106 132 43 1307 4095 4095 4095 4095
95 114 100 110 1082 1305 4095 4095 4095 4095
99 106 103 158 186 4095 4095 4095 1298 4095
100 114 109 125 154 1305 4095 4095 4095 4095
103 120 109 652 100 4095 4095 4095 1297 4095
99 106 99 108 141 1306 4095 4095 4095 4095
100 107 104 135 134 4095 4095 4095 4095 4095
99 107 101 129 157 4095 4095 4095 1298 4095
99 105 100 140 104 4095 4095 4095 1297 4095
99 104 101 152 162 4095 4095 4095 1298 4095
98 106 99 130 142 4095 4095 4095 1298 4095
99 106 108 105 141 4095 4095 1319 4095 4095
100 107 99 108 140 1307 4095 4095 4095 4095
98 105 101 108 152 1306 4095 4095 4095 4095
101 115 108 127 112 1306 4095 4095 4095 4095
98 106 100 149 138 4095 4095 4095 1298 4095
98 107 103 146 123 4095 4095 4095 1298 4095
99 106 101 108 144 1307 4095 4095 4095 4095
98 107 100 138 64 4095 4095 4095 1297 4095
97 106 100 126 135 4095 4095 4095 1298 4095
104 130 117 152 144 1301 4095 4095 4095 4095
98 107 101 117 74 1307 4095 4095 4095 4095
99 107 100 116 72 1306 4095 4095 4095 4095
99 106 102 115 116 1305 4095 4095 4095 4095
100 106 100 108 156 4095 4095 4095 4095 4095
99 106 103 135 136 4095 4095 4095 1298 4095
98 106 102 108 187 1307 4095 4095 4095 4095
98 106 103 138 143 4095 4095 4095 1298 4095
102 118 109 132 127 1306 4095 4095 4095 4095
99 108 102 118 71 4095 4095 4095 4095 4095
99 107 103 136 133 4095 4095 4095 1298 4095
98 107 142 117 106 4095 4095 1319 4095 4095
99 106 100 382 155 4095 4095 4095 1298 4095
101 115 105 128 42 1303 4095 4095 4095 4095
99 106 103 160 108 4095 4095 4095 1298 4095
98 106 100 103 146 1306 4095 4095 4095 4095
98 106 104 133 194 4095 4095 4095 1299 4095
98 106 122 113 119 4095 4095 1319 4095 4095
100 106 101 109 146 4095 4095 4095 4095 4095
100 107 100 121 154 4095 4095 4095 1297 4095
99 106 102 142 172 4095 4095 4095 1297 4095
99 106 100 188 145 4095 4095 4095 1298 4095
101 115 109 126 160 1306 4095 4095 4095 4095
99 105 98 105 138 1306 4095 4095 4095 4095
98 107 100 114 76 1306 4095 4095 4095 4095
99 105 101 200 132 4095 4095 4095 1297 4095
99 105 99 127 135 4095 4095 4095 1298 4095
98 106 100 107 157 4095 4095 4095 4095 4095
99 107 103 233 104 4095 4095 4095 1297 4095
100 106 104 115 124 1306 4095 4095 4095 4095
98 107 102 152 96 4095 4095 4095 1298 4095
99 106 101 143 174 4095 4095 4095 1298 4095
100 107 102 131 196 4095 4095 4095 1298 4095
99 107 101 144 63 4095 4095 4095 1298 4095
99 105 137 103 180 4095 4095 1318 4095 4095
98 107 104 117 162 1307 4095 4095 4095 4095
99 106 201 108 136 4095 4095 1318 4095 4095
99 107 105 136 130 4095 4095 4095 1297 4095
97 107 142 116 125 4095 4095 1318 4095 4095
99 106 265 103 156 4095 4095 1318 4095 4095
98 106 100 110 114 1306 4095 4095 4095 4095
98 106 99 107 142 4095 4095 4095 4095 4095
100 105 101 622 104 4095 4095 4095 1297 4095
99 105 100 132 97 4095 4095 4095 1298 4095
99 108 104 312 109 4095 4095 4095 1297 4095
99 106 107 105 139 4095 4095 1317 4095 4095
99 105 110 109 130 4095 4095 1319 4095 4095
99 116 108 131 112 1306 4095 4095 4095 4095
99 105 102 275 195 4095 4095 4095 1298 4095
98 106 103 135 104 4095 4095 4095 1297 4095
99 106 103 136 131 4095 4095 4095 1298 4095
99 107 100 148 135 4095 4095 4095 1298 4095
99 106 161 109 378 4095 4095 1319 4095 4095
99 107 103 115 133 1307 4095 4095 4095 4095
99 106 100 131 146 4095 4095 4095 1298 4095
98 105 100 107 172 1306 4095 4095 4095 4095
99 107 103 113 115 1306 4095 4095 4095 4095
101 119 111 129 192 1301 4095 4095 4095 4095
98 106 102 108 152 1307 4095 4095 4095 4095
98 106 99 122 137 4095 4095 4095 4095 4095
99 106 99 104 143 1306 4095 4095 4095 4095
99 107 102 143 102 4095 4095 4095 1297 4095
98 106 100 129 156 4095 4095 4095 1298 4095
100 106 99 110 97 1306 4095 4095 4095 4095
100 107 121 112 82 4095 4095 1318 4095 4095
99 108 103 143 118 4095 4095 4095 1298 4095
99 108 104 133 129 4095 4095 4095 1297 4095
100 107 103 113 118 1306 4095 4095 4095 4095
99 108 103 115 116 4095 4095 4095 4095 4095
100 113 102 122 67 1301 4095 4095 4095 4095
99 118 109 742 130 4095 4095 4095 1297 4095
100 106 101 128 151 4095 4095 4095 1297 4095
101 114 107 117 248 1302 4095 4095 4095 4095
101 115 101 111 150 1307 4095 4095 4095 4095
98 106 101 128 145 4095 4095 4095 1297 4095
99 106 100 138 136 4095 4095 4095 1297 4095
98 107 102 118 93 1306 4095 4095 4095 4095
99 106 100 142 82 4095 4095 4095 1298 4095
98 106 102 106 209 1305 4095 4095 4095 4095
99 106 103 117 120 1306 4095 4095 4095 4095
99 105 101 107 164 1306 4095 4095 4095 4095
99 106 101 129 154 4095 4095 4095 1298 4095
98 104 101 108 138 1306 4095 4095 4095 4095
99 106 99 108 160 1306 4095 4095 4095 4095
101 113 103 120 84 1301 4095 4095 4095 4095
98 106 103 135 119 4095 4095 4095 1298 4095
98 106 104 115 130 1306 4095 4095 4095 4095
99 106 100 136 102 4095 4095 4095 1298 4095
99 105 99 112 89 1306 4095 4095 4095 4095
99 105 99 133 71 4095 4095 4095 1298 4095
97 105 104 115 132 1307 4095 4095 4095 4095
101 399 102 111 179 4095 1325 4095 4095 4095
99 104 101 126 130 4095 4095 4095 4095 4095
99 105 99 111 89 1306 4095 4095 4095 4095
100 105 101 107 157 1306 4095 4095 4095 4095
99 107 104 337 136 4095 4095 4095 1297 4095
99 106 99 104 151 4095 4095 4095 4095 4095
99 106 103 109 187 1305 4095 4095 4095 4095
98 107 103 203 158 4095 4095 4095 1297 4095
99 107 103 133 109 4095 4095 4095 1298 4095
98 106 101 141 67 4095 4095 4095 1298 4095
99 107 102 249 104 4095 4095 4095 1296 4095
101 115 109 127 106 1307 4095 4095 4095 4095
98 106 102 107 194 1305 4095 4095 4095 4095
98 106 102 127 187 4095 4095 4095 1298 4095
98 107 102 372 109 4095 4095 4095 1298 4095
99 107 99 156 128 4095 4095 4095 1297 4095
99 106 100 151 153 4095 4095 4095 1297 4095
99 105 101 166 137 4095 4095 4095 1298 4095
99 106 103 144 140 4095 4095 4095 1297 4095
99 106 100 127 149 4095 4095 4095 1298 4095
99 107 102 133 196 4095 4095 4095 1298 4095
99 106 100 613 157 4095 4095 4095 1297 4095
99 106 102 130 204 4095 4095 4095 1298 4095
99 107 100 222 140 4095 4095 4095 1298 4095
99 105 100 112 99 1306 4095 4095 4095 4095
98 105 101 139 151 4095 4095 4095 1297 4095
91 115 104 113 1642 1303 4095 4095 4095 1423
98 106 99 152 168 4095 4095 4095 1296 4095
100 107 102 139 99 4095 4095 4095 1298 4095
99 107 102 157 97 4095 4095 4095 1298 4095
100 106 101 299 175 4095 4095 4095 1298 4095
100 106 101 104 180 1307 4095 4095 4095 4095
98 107 102 151 123 4095 4095 4095 1298 4095
100 114 108 110 261 1305 4095 4095 4095 4095
99 104 149 110 114 4095 4095 1317 4095 4095
101 112 105 115 156 1306 4095 4095 4095 4095
99 107 100 137 82 4095 4095 4095 1297 4095
100 112 104 116 131 1307 4095 4095 4095 4095
99 107 103 116 127 1305 4095 4095 4095 4095
99 107 103 136 122 4095 4095 4095 1298 4095
99 106 100 114 73 1306 4095 4095 4095 4095
99 108 104 135 133 4095 4095 4095 1298 4095
99 106 103 117 116 1307 4095 4095 4095 4095
98 106 102 132 156 4095 4095 4095 1298 4095
99 105 100 138 139 4095 4095 4095 1297 4095
99 105 100 110 105 1306 4095 4095 4095 4095
99 105 99 104 143 4095 4095 4095 4095 4095
99 106 100 128 132 4095 4095 4095 1298 4095
99 106 223 113 84 4095 4095 1318 4095 4095
99 104 101 107 150 4095 4095 4095 4095 4095
99 106 101 108 158 1306 4095 4095 4095 4095
99 107 103 142 105 4095 4095 4095 1297 4095
99 106 98 106 132 1306 4095 4095 4095 4095
98 106 99 133 67 4095 4095 4095 4095 4095
100 108 102 154 67 4095 4095 4095 1298 4095
99 107 102 380 184 4095 4095 4095 1296 4095
99 107 103 140 127 4095 4095 4095 1298 4095
100 106 104 173 117 4095 4095 4095 1298 4095
98 104 101 128 139 4095 4095 4095 1297 4095
99 106 102 115 127 1306 4095 4095 4095 4095
99 108 101 163 70 4095 4095 4095 1298 4095
99 106 99 107 138 1306 4095 4095 4095 4095
101 108 105 1176 123 4095 4095 4095 1297 4095
99 106 101 128 163 4095 4095 4095 1298 4095
101 117 106 132 87 1309 4095 4095 4095 4095
99 108 103 137 104 4095 4095 4095 1297 4095
99 106 99 479 157 4095 4095 4095 1297 4095
99 107 102 112 164 1305 4095 4095 4095 4095
101 106 101 985 131 4095 4095 4095 1297 4095
99 107 103 180 113 4095 4095 4095 1298 4095
104 127 109 123 259 1306 4095 4095 4095 4095
101 119 109 167 97 4095 4095 4095 4095 4095
99 106 101 109 137 1306 4095 4095 4095 4095
99 105 100 110 104 4095 4095 4095 4095 4095
102 117 109 130 142 1306 4095 4095 4095 4095
100 108 104 314 121 4095 4095 4095 1298 4095
99 106 99 107 135 1306 4095 4095 4095 4095
99 106 101 108 155 1306 4095 4095 4095 4095
99 106 100 108 160 1306 4095 4095 4095 4095
99 106 100 207 145 4095 4095 4095 1297 4095
104 118 103 958 48 4095 4095 4095 1297 4095
99 106 100 144 155 4095 4095 4095 1297 4095
99 106 102 251 196 4095 4095 4095 1297 4095
98 107 207 118 126 4095 4095 1318 4095 4095
100 108 104 846 120 4095 4095 4095 1298 4095
98 107 103 113 129 1307 4095 4095 4095 4095
101 106 103 1019 194 4095 4095 4095 1297 4095
99 107 105 116 136 1307 4095 4095 4095 4095
100 106 102 135 189 4095 4095 4095 1298 4095
99 107 419 114 67 4095 4095 1319 4095 4095
99 107 103 147 99 4095 4095 4095 1298 4095
98 105 101 111 96 1306 4095 4095 4095 4095
100 115 105 120 196 1306 4095 4095 4095 4095
100 106 485 106 133 4095 4095 1319 4095 4095
98 105 100 152 102 4095 4095 4095 1298 4095
101 107 101 560 29 4095 4095 4095 1296 4095
99 106 103 115 128 1307 4095 4095 4095 4095
99 108 103 113 179 4095 4095 4095 4095 4095
100 107 104 117 129 1307 4095 4095 4095 4095
100 106 143 110 183 4095 4095 1318 4095 4095
99 108 102 118 98 1306 4095 4095 4095 4095
99 140 102 111 161 4095 1324 4095 4095 4095
99 107 100 130 135 4095 4095 4095 1297 4095
99 106 100 215 102 4095 4095 4095 1298 4095
99 107 103 157 81 4095 4095 4095 1297 4095
98 106 101 104 162 1306 4095 4095 4095 4095
99 106 100 283 80 4095 4095 4095 1297 4095
99 106 102 138 198 4095 4095 4095 1298 4095
98 106 118 108 127 4095 4095 1319 4095 4095
98 107 103 350 147 4095 4095 4095 1297 4095
100 107 102 139 121 4095 4095 4095 1298 4095
99 107 100 108 146 1307 4095 4095 4095 4095
98 107 104 114 141 4095 4095 4095 4095 4095
100 107 104 155 119 4095 4095 4095 1298 4095
98 106 103 115 135 1306 4095 4095 4095 4095
98 107 101 150 107 4095 4095 4095 1298 4095
100 106 103 116 114 4095 4095 4095 4095 4095
99 107 104 114 130 1306 4095 4095 4095 4095
100 106 102 110 168 1306 4095 4095 4095 4095
99 107 104 118 120 1306 4095 4095 4095 4095
98 107 100 114 78 1306 4095 4095 4095 4095
98 105 102 109 138 4095 4095 4095 4095 4095
100 107 103 108 201 4095 4095 4095 4095 4095
101 112 105 115 180 1307 4095 4095 4095 4095
98 107 100 116 63 1305 4095 4095 4095 4095
99 105 101 110 123 1306 4095 4095 4095 4095
99 107 100 143 81 4095 4095 4095 1298 4095
100 108 104 117 136 4095 4095 4095 4095 4095
99 106 100 109 148 1305 4095 4095 4095 4095
99 106 103 110 210 1306 4095 4095 4095 4095
103 122 105 307 5 4095 4095 4095 1297 4095
99 105 101 109 137 1306 4095 4095 4095 4095
97 107 104 135 129 4095 4095 4095 1298 4095
98 107 104 176 129 4095 4095 4095 1298 4095
98 106 103 111 163 1307 4095 4095 4095 4095
99 106 101 113 92 4095 4095 4095 4095 4095
99 108 102 144 80 4095 4095 4095 1298 4095
98 108 103 358 119 4095 4095 4095 1297 4095
99 108 103 139 110 4095 4095 4095 1297 4095
99 107 98 142 132 4095 4095 4095 1298 4095
99 105 98 150 139 4095 4095 4095 1297 4095
99 116 109 127 121 1305 4095 4095 4095 4095
100 107 99 108 133 1306 4095 4095 4095 4095
99 108 132 118 111 4095 4095 1319 4095 4095
99 106 100 111 160 4095 4095 4095 4095 4095
99 106 103 136 141 4095 4095 4095 1298 4095
98 106 103 145 123 4095 4095 4095 1298 4095
100 107 98 105 123 1306 4095 4095 4095 4095
98 107 102 116 108 4095 4095 4095 4095 4095
99 106 101 131 97 4095 4095 4095 1298 4095
99 105 111 107 201 4095 4095 4095 4095 4095
100 107 102 203 164 4095 4095 4095 1298 4095
98 107 103 141 112 4095 4095 4095 1297 4095
99 105 101 132 154 4095 4095 4095 1298 4095
98 106 104 302 129 4095 4095 4095 1298 4095
99 107 102 115 111 4095 4095 4095 4095 4095
98 106 101 130 153 4095 4095 4095 1297 4095
98 107 103 114 108 1307 4095 4095 4095 4095
99 106 102 108 190 1307 4095 4095 4095 4095
99 106 101 143 79 4095 4095 4095 1299 4095
101 120 109 189 133 4095 4095 4095 1297 4095
98 107 99 105 135 1306 4095 4095 4095 4095
99 106 99 102 154 4095 4095 4095 4095 4095
102 115 104 114 176 1306 4095 4095 4095 4095
102 118 110 113 262 1304 4095 4095 4095 4095
101 119 112 187 147 4095 4095 4095 1297 4095
99 107 102 111 170 1306 4095 4095 4095 4095
98 106 100 134 159 4095 4095 4095 1297 4095
98 106 99 126 138 4095 4095 4095 1298 4095
98 105 100 114 64 1307 4095 4095 4095 4095
99 106 99 320 131 4095 4095 4095 1297 4095
100 115 107 124 114 1307 4095 4095 4095 4095
101 107 103 109 791 1305 4095 4095 4095 1473
100 116 107 124 112 1307 4095 4095 4095 4095
99 106 100 103 173 1306 4095 4095 4095 4095
101 112 103 117 108 1304 4095 4095 4095 4095
99 105 126 219 128 4095 4095 1319 1406 4095
99 106 99 123 153 4095 4095 4095 4095 4095
100 116 107 124 138 1307 4095 4095 4095 4095
104 133 119 149 176 1309 4095 4095 4095 4095
99 108 103 147 102 4095 4095 4095 1299 4095
99 107 100 211 75 4095 4095 4095 1297 4095
98 107 104 116 138 1306 4095 4095 4095 4095
99 106 100 107 158 1305 4095 4095 4095 4095
99 105 100 139 115 4095 4095 4095 1298 4095
99 108 101 117 71 4095 4095 4095 4095 4095
98 107 102 115 102 1306 4095 4095 4095 4095
98 106 102 133 190 4095 4095 4095 1298 4095
99 109 102 118 105 4095 4095 4095 4095 4095
99 106 99 103 137 1306 4095 4095 4095 4095
98 107 103 119 100 1307 4095 4095 4095 4095
98 105 102 109 195 1307 4095 4095 4095 4095
102 117 109 131 119 1305 4095 4095 4095 4095
99 106 99 136 140 4095 4095 4095 1297 4095
98 107 100 103 146 1308 4095 4095 4095 4095
99 107 102 198 96 4095 4095 4095 1298 4095
99 106 104 185 134 4095 4095 4095 1298 4095
99 107 99 128 132 4095 4095 4095 1298 4095
100 105 99 106 134 1305 4095 4095 4095 4095
100 114 101 106 176 1306 4095 4095 4095 4095
101 121 113 131 164 1306 4095 4095 4095 4095
98 106 103 113 159 1306 4095 4095 4095 4095
98 106 100 108 156 1306 4095 4095 4095 4095
98 108 102 118 96 1306 4095 4095 4095 4095
99 106 100 142 165 4095 4095 4095 1297 4095
99 107 102 232 106 4095 4095 4095 1297 4095
98 105 134 103 167 4095 4095 1319 4095 4095
99 108 105 120 121 4095 4095 4095 4095 4095
98 105 136 111 97 4095 4095 1318 4095 4095
99 105 101 146 136 4095 4095 4095 1298 4095
101 107 99 607 130 4095 4095 4095 1298 4095
99 106 100 108 147 1306 4095 4095 4095 4095
104 117 105 1111 207 4095 4095 4095 1297 4095
99 107 166 115 138 4095 4095 1319 4095 4095
99 106 102 113 170 4095 4095 4095 4095 4095
99 106 100 104 140 1305 4095 4095 4095 4095
98 107 104 142 120 4095 4095 4095 1299 4095
98 105 99 128 142 4095 4095 4095 1297 4095
99 109 100 139 62 4095 4095 4095 4095 4095
98 106 103 141 114 4095 4095 4095 1297 4095
99 105 102 554 133 4095 4095 4095 1297 4095
99 105 101 132 146 4095 4095 4095 1298 4095
99 106 99 144 113 4095 4095 4095 1298 4095
99 108 103 117 119 1307 4095 4095 4095 4095
99 106 100 264 160 4095 4095 4095 1298 4095
98 106 98 104 143 1306 4095 4095 4095 4095
102 113 105 115 166 1306 4095 4095 4095 4095
100 113 101 107 162 1306 4095 4095 4095 4095
100 106 103 130 187 4095 4095 4095 1298 4095
99 105 100 135 95 4095 4095 4095 1298 4095
100 113 106 114 258 1309 4095 4095 4095 4095
99 107 103 116 106 1306 4095 4095 4095 4095
100 105 99 103 153 1306 4095 4095 4095 4095
98 107 102 114 104 4095 4095 4095 4095 4095
99 106 101 115 58 1306 4095 4095 4095 4095
98 107 113 118 123 4095 4095 1318 4095 4095
98 106 101 137 172 4095 4095 4095 1297 4095
99 105 100 138 108 4095 4095 4095 1297 4095
99 105 100 107 157 1306 4095 4095 4095 4095
99 107 100 138 69 4095 4095 4095 1297 4095
98 107 104 118 117 1306 4095 4095 4095 4095
99 105 145 108 132 4095 4095 1318 4095 4095
99 107 103 144 131 4095 4095 4095 1298 4095
98 108 104 251 116 4095 4095 4095 1297 4095
98 106 102 114 103 1306 4095 4095 4095 4095
99 107 129 115 136 4095 4095 1319 4095 4095
101 112 105 114 197 1301 4095 4095 4095 4095
99 106 126 114 142 4095 4095 1318 4095 4095
98 106 104 148 138 4095 4095 4095 1298 4095
100 105 102 906 154 4095 4095 4095 1297 4095
98 141 103 109 192 4095 1325 4095 4095 4095
99 107 104 138 136 4095 4095 4095 1298 4095
99 107 104 115 129 1307 4095 4095 4095 4095
99 104 100 108 144 1306 4095 4095 4095 4095
98 105 100 139 99 4095 4095 4095 1298 4095
99 106 103 116 100 1306 4095 4095 4095 4095
99 107 102 178 202 4095 4095 4095 1298 4095
101 114 100 111 151 1309 4095 4095 4095 4095
97 106 102 104 202 1307 4095 4095 4095 4095
98 106 103 133 131 4095 4095 4095 4095 4095
100 106 99 104 146 1307 4095 4095 4095 4095
99 107 104 333 135 4095 4095 4095 1297 4095
99 105 99 112 88 4095 4095 4095 4095 4095
99 106 100 128 176 4095 4095 4095 1298 4095
100 105 100 382 116 4095 4095 4095 1297 4095
102 123 113 139 124 1306 4095 4095 4095 4095
102 114 104 113 200 1305 4095 4095 4095 4095
99 106 103 137 123 4095 4095 4095 1298 4095
98 105 98 105 142 1307 4095 4095 4095 4095
102 115 109 125 149 1306 4095 4095 4095 4095
99 107 102 134 180 4095 4095 4095 1299 4095
104 119 111 838 146 4095 4095 4095 1298 4095
100 114 108 124 143 1306 4095 4095 4095 4095
98 107 101 112 165 1307 4095 4095 4095 4095
98 106 99 103 154 1307 4095 4095 4095 4095
99 106 103 114 118 1307 4095 4095 4095 4095
100 104 258 109 119 4095 4095 1319 4095 4095
98 107 103 115 108 1306 4095 4095 4095 4095
99 106 100 132 93 4095 4095 4095 1298 4095
99 108 102 133 100 4095 4095 4095 4095 4095
100 113 104 120 187 1306 4095 4095 4095 4095
99 105 99 139 113 4095 4095 4095 1298 4095
98 107 102 127 202 4095 4095 4095 1297 4095
99 108 206 119 111 4095 4095 1319 4095 4095
100 105 100 131 90 4095 4095 4095 1299 4095
99 108 101 156 61 4095 4095 4095 1298 4095
98 106 102 108 189 1305 4095 4095 4095 4095
98 107 104 142 110 4095 4095 4095 1298 4095
98 106 98 108 135 1307 4095 4095 4095 4095
98 107 99 130 135 4095 4095 4095 1298 4095
98 106 104 153 127 4095 4095 4095 1298 4095
99 107 104 846 127 4095 4095 4095 1297 4095
98 106 102 145 203 4095 4095 4095 1298 4095
98 106 102 135 104 4095 4095 4095 1297 4095
104 119 103 627 182 4095 4095 4095 1298 4095
99 106 103 160 103 4095 4095 4095 1298 4095
98 107 104 135 126 4095 4095 4095 1299 4095
98 105 101 191 148 4095 4095 4095 1297 4095
99 106 101 130 169 4095 4095 4095 1298 4095
98 106 103 161 138 4095 4095 4095 1298 4095
98 105 100 107 160 1308 4095 4095 4095 4095
99 108 103 116 132 1307 4095 4095 4095 4095
99 106 102 115 106 1307 4095 4095 4095 4095
98 105 99 103 138 1307 4095 4095 4095 4095
98 106 99 127 151 4095 4095 4095 1298 4095
100 105 101 108 161 4095 4095 4095 4095 4095
100 114 109 124 159 1307 4095 4095 4095 4095
99 106 100 105 136 1306 4095 4095 4095 4095
98 105 101 136 149 4095 4095 4095 1297 4095
100 115 109 127 152 1307 4095 4095 4095 4095
98 107 102 376 166 4095 4095 4095 1298 4095
97 107 170 108 136 4095 4095 1318 4095 4095
97 106 103 106 202 4095 4095 4095 4095 4095
100 113 104 113 187 1302 4095 4095 4095 4095
99 107 104 115 127 1306 4095 4095 4095 4095
99 107 103 138 196 4095 4095 4095 1298 4095
99 105 99 112 91 1306 4095 4095 4095 4095
99 105 102 110 126 1308 4095 4095 4095 4095
99 107 102 110 180 1306 4095 4095 4095 4095
101 118 101 109 177 1305 4095 4095 4095 4095
101 115 102 114 157 1307 4095 4095 4095 4095
99 108 101 104 165 4095 4095 4095 4095 4095
99 107 101 113 82 4095 4095 4095 4095 4095
99 107 103 145 116 4095 4095 4095 1298 4095
99 108 101 112 162 4095 4095 4095 4095 4095
100 106 99 114 78 1307 4095 4095 4095 4095
99 106 104 147 114 4095 4095 4095 1298 4095
98 105 101 185 151 4095 4095 4095 1298 4095
101 115 105 120 191 1305 4095 4095 4095 4095
99 105 102 107 192 4095 4095 4095 4095 4095
98 140 100 115 81 4095 1325 4095 4095 4095
98 107 98 135 136 4095 4095 4095 1298 4095
100 114 101 107 170 1309 4095 4095 4095 4095
99 106 99 149 137 4095 4095 4095 1298 4095
102 117 104 436 198 4095 4095 4095 1297 4095
99 106 100 138 96 4095 4095 4095 1298 4095
99 106 99 139 138 4095 4095 4095 1298 4095
99 106 108 112 86 4095 4095 4095 4095 4095
100 106 102 112 161 1306 4095 4095 4095 4095
100 106 98 509 136 4095 4095 4095 1298 4095
99 106 102 126 144 4095 4095 4095 4095 4095
100 105 102 135 153 4095 4095 4095 1298 4095
99 106 149 117 69 4095 4095 1319 4095 4095
99 107 103 133 114 4095 4095 4095 4095 4095
99 106 100 103 155 1306 4095 4095 4095 4095
99 106 101 113 85 1306 4095 4095 4095 4095
99 106 102 130 199 4095 4095 4095 1298 4095
98 105 101 131 121 4095 4095 4095 1298 4095
99 106 99 166 139 4095 4095 4095 1298 4095
98 105 100 108 151 1307 4095 4095 4095 4095
101 115 108 126 134 1306 4095 4095 4095 4095
100 115 104 128 41 1309 4095 4095 4095 4095
99 130 100 112 91 4095 1325 4095 4095 4095
100 115 103 126 44 1307 4095 4095 4095 4095
101 114 106 109 245 1308 4095 4095 4095 4095
99 105 101 111 108 1306 4095 4095 4095 4095
102 115 110 128 155 1307 4095 4095 4095 4095
98 106 99 214 138 4095 4095 4095 1298 4095
100 106 99 141 135 4095 4095 4095 1298 4095
99 106 101 141 149 4095 4095 4095 1297 4095
100 107 99 218 135 4095 4095 4095 1298 4095
100 109 104 117 99 4095 4095 4095 4095 4095
99 107 102 114 107 1307 4095 4095 4095 4095
98 105 101 128 117 4095 4095 4095 4095 4095
99 107 100 141 67 4095 4095 4095 1298 4095
98 106 103 137 122 4095 4095 4095 1298 4095
98 108 104 146 132 4095 4095 4095 1298 4095
99 107 103 150 128 4095 4095 4095 1297 4095
101 117 103 114 162 1308 4095 4095 4095 4095
102 119 112 132 144 1307 4095 4095 4095 4095
99 105 100 137 149 4095 4095 4095 1298 4095
101 112 104 112 206 1307 4095 4095 4095 4095
100 107 103 136 111 4095 4095 4095 1298 4095
99 114 109 125 165 1308 4095 4095 4095 4095
103 121 112 492 123 4095 4095 4095 1298 4095
99 106 103 153 133 4095 4095 4095 1297 4095
99 107 98 456 141 4095 4095 4095 1298 4095
98 107 102 130 198 4095 4095 4095 1297 4095
99 105 102 107 197 4095 4095 4095 4095 4095
99 106 100 170 95 4095 4095 4095 1298 4095
101 125 107 143 18 4095 4095 4095 4095 4095
99 125 103 115 345 4095 1325 4095 4095 4095
98 106 102 136 183 4095 4095 4095 1298 4095
99 106 102 114 148 1307 4095 4095 4095 4095
98 106 99 136 137 4095 4095 4095 1297 4095
