99 114 105 118 2877 4095 4095 4095 1300 1361
90 114 106 132 1605 1308 4095 4095 4095 1409
99 114 104 1641 977 4095 4095 4095 1299 1353
95 115 104 129 864 1304 4095 4095 4095 1433
103 109 103 1261 831 4095 4095 4095 1299 1325
103 107 103 792 1368 4095 4095 4095 1299 1308
101 146 100 968 1185 1300 4095 4095 4095 1416
108 118 105 1463 630 4095 4095 4095 1300 4095
100 127 101 118 560 4095 1326 4095 4095 4095
92 114 107 122 1314 1307 4095 4095 4095 1431
102 124 115 969 1162 1308 4095 4095 1430 1427
106 110 101 1067 2106 4095 4095 4095 1299 4095
101 122 111 127 939 1303 4095 4095 4095 1452
104 109 225 119 1549 4095 4095 1320 4095 1444
99 126 103 116 120 4095 4095 1321 4095 4095
116 120 106 980 2491 1305 4095 4095 1419 1416
104 109 154 1017 896 1300 4095 1355 1423 1441
107 108 103 1044 1691 4095 4095 4095 1299 1315
103 108 101 118 1077 1308 4095 4095 4095 1427
102 135 104 115 1097 4095 1327 4095 4095 1424
105 133 103 909 1351 4095 1326 4095 1417 1418
102 108 357 105 824 4095 4095 1321 4095 4095
99 106 210 109 137 4095 4095 1321 4095 4095
99 107 369 118 69 4095 4095 1320 4095 4095
110 122 112 2804 120 4095 4095 4095 1300 4095
102 127 114 131 1418 1301 4095 4095 4095 1441
100 108 291 105 135 4095 4095 1320 4095 4095
100 129 102 108 476 4095 1326 4095 4095 4095
98 130 101 117 73 4095 1326 4095 4095 4095
100 123 101 115 230 4095 1325 4095 4095 4095
101 116 102 111 1325 4095 1326 4095 4095 1450
99 162 100 106 1313 4095 1326 4095 4095 391
97 137 179 878 1133 1309 1333 1330 1418 1437
89 114 103 129 1601 1307 4095 4095 4095 1443
102 134 102 115 927 4095 1327 4095 4095 1434
102 108 102 811 764 4095 4095 4095 1347 1314
103 110 100 794 1284 4095 4095 4095 1299 1297
96 111 145 115 926 1306 4095 1329 4095 1426
96 115 148 130 834 1308 4095 1349 4095 1422
107 109 109 111 105 1303 4095 4095 4095 1428
106 135 116 1641 1505 4095 4095 4095 1299 1293
91 112 193 110 1668 1302 4095 1329 4095 1439
103 108 101 944 1366 4095 4095 4095 1300 1293
104 109 157 973 1031 1307 4095 1343 1421 1442
100 120 106 1195 3027 1310 4095 4095 1424 1418
102 130 103 111 1472 4095 1327 4095 4095 1410
96 114 103 112 877 1302 4095 4095 4095 1473
70 107 257 115 4095 1307 4095 1342 4095 1423
97 118 104 1814 63 4095 4095 4095 1296 4095
101 130 103 115 1418 4095 4095 4095 4095 1378
93 113 132 115 1323 1304 4095 1385 4095 1437
100 157 99 106 450 4095 1329 4095 4095 4095
115 119 105 3601 653 4095 4095 4095 1298 4095
103 140 103 120 1272 4095 1326 4095 4095 1418
92 114 140 124 1499 1305 4095 1329 4095 1425
102 126 102 1342 1386 4095 1326 4095 1408 575
112 135 105 896 4095 4095 1325 4095 1404 1406
98 112 105 115 743 1306 4095 4095 4095 1430
101 130 102 119 763 4095 1326 4095 4095 1439
98 139 106 1557 969 4095 4095 4095 1297 1382
103 109 286 111 1530 4095 1327 4095 4095 1422
100 107 370 106 126 4095 4095 1321 4095 4095
36 101 100 125 4095 1302 4095 4095 4095 1390
103 132 104 970 922 4095 1326 4095 1409 1414
101 107 126 114 1087 4095 4095 1323 4095 1081
94 113 195 114 1198 1304 4095 1344 4095 1439
104 109 236 108 1696 4095 4095 1320 4095 1412
89 136 135 568 1360 1307 1336 1387 1421 1442
104 121 107 1265 47 4095 1326 4095 4095 1429
103 109 103 558 1108 4095 4095 4095 1301 1307
102 118 106 1643 985 4095 4095 4095 1299 4095
104 108 194 108 1363 4095 4095 1320 4095 1411
96 143 103 477 2285 1305 4095 1387 4095 1421
100 126 102 119 381 4095 1326 4095 4095 4095
102 142 102 115 1325 4095 1326 4095 4095 1438
102 141 102 109 1461 4095 1327 4095 4095 1405
92 113 99 112 1584 1307 4095 4095 4095 1405
90 110 192 117 1628 1302 4095 1340 4095 1438
90 114 105 130 1614 1303 4095 4095 4095 1435
100 107 453 115 174 4095 4095 1321 4095 4095
92 137 106 115 1484 1309 1346 4095 4095 1425
104 136 98 107 2115 4095 1325 4095 4095 1420
112 131 101 111 1446 4095 1327 4095 4095 1420
102 109 104 1008 738 4095 4095 4095 1299 1331
110 122 202 130 1964 1311 4095 1326 4095 1433
102 133 103 108 1013 4095 1325 4095 4095 1767
105 109 148 909 1135 1305 4095 1324 4095 1531
99 105 327 111 129 4095 4095 1320 4095 4095
103 136 102 120 1352 4095 4095 4095 1300 4095
104 144 103 116 1613 4095 1328 4095 4095 1419
96 113 162 113 819 1306 4095 1347 4095 1473
109 110 406 939 2070 4095 4095 1320 1423 1558
104 129 103 1077 1292 4095 1328 4095 1390 1402
91 114 107 130 1953 1310 4095 4095 4095 1396
100 131 103 115 543 4095 1326 4095 4095 1483
103 109 103 1119 1406 4095 4095 4095 1300 1318
99 107 171 108 131 4095 4095 1321 4095 4095
90 110 104 118 1859 1309 4095 4095 4095 1407
102 109 137 120 1292 4095 4095 4095 1300 1344
105 121 108 128 1626 1308 4095 4095 4095 1386
90 112 190 114 1775 1306 4095 1332 4095 1431
102 144 100 127 936 4095 1326 4095 4095 1458
89 110 204 117 1790 1303 4095 1338 4095 1418
98 146 108 1022 1180 4095 4095 4095 1299 4095
97 114 182 126 780 1306 4095 1328 4095 1494
99 106 128 108 188 4095 4095 1319 4095 4095
95 114 100 354 866 1306 4095 4095 1432 1427
108 119 105 911 1213 1307 4095 4095 1425 1450
98 115 192 129 1524 1304 4095 1322 4095 1451
95 114 106 125 985 1303 4095 4095 4095 1486
92 113 106 114 1477 1306 4095 4095 4095 1446
110 159 102 1456 732 4095 1318 4095 1394 4095
96 111 105 118 533 1305 4095 4095 4095 4095
103 128 104 1195 682 4095 1328 4095 4095 1415
107 145 106 1102 1967 1308 1343 4095 1427 1420
100 135 101 107 435 4095 1325 4095 4095 4095
102 126 100 873 575 4095 1324 4095 1399 1442
92 111 102 117 1735 1307 4095 4095 4095 1415
104 158 111 140 3288 4095 4095 4095 1299 4095
111 133 106 122 4095 4095 1327 4095 4095 1404
103 137 102 108 1337 4095 1325 4095 4095 1470
100 106 221 108 638 4095 4095 1321 4095 4095
94 111 216 118 924 1304 4095 1338 4095 1443
104 122 109 885 1592 4095 4095 4095 1298 1310
97 136 104 118 559 4095 1328 4095 4095 1431
101 107 103 258 724 4095 4095 4095 1299 4095
102 135 103 119 1075 4095 1326 4095 4095 1459
99 106 375 110 110 4095 4095 1323 4095 4095
91 114 108 130 1502 1307 4095 4095 4095 1419
94 113 107 125 1024 1303 4095 4095 4095 1429
93 113 144 112 1245 1304 4095 1334 4095 1422
105 132 156 1007 1085 1306 4095 4095 1411 1424
102 106 203 112 1066 4095 4095 1320 4095 1418
88 114 153 129 1895 1308 4095 1344 4095 1418
108 122 108 1112 773 4095 4095 4095 1302 1393
102 107 262 107 1059 4095 4095 1320 4095 1418
95 114 101 114 1145 1310 4095 4095 4095 1432
101 113 103 117 112 1305 4095 4095 4095 4095
94 114 107 129 1203 1303 4095 4095 4095 1435
96 114 107 126 1034 1305 4095 4095 4095 1485
102 142 102 107 1359 4095 1326 4095 4095 1416
102 109 100 1149 729 1300 4095 1346 4095 1441
104 139 156 1129 1319 1306 1327 1344 1413 1443
106 129 104 746 1899 4095 4095 4095 1299 1292
94 142 107 127 986 1312 1338 4095 4095 1442
105 131 103 901 1283 4095 1325 4095 1398 1469
99 124 99 109 448 4095 1325 4095 4095 4095
100 105 100 761 106 4095 4095 4095 1299 4095
100 107 104 945 272 4095 4095 4095 1299 1343
104 132 103 116 1533 4095 1326 4095 4095 1442
103 126 113 120 1090 1309 4095 4095 4095 1436
110 144 102 916 2309 1311 4095 4095 4095 1429
92 111 102 120 1737 1304 4095 4095 4095 1423
103 109 105 969 948 4095 4095 4095 1301 1311
112 116 111 130 180 1305 4095 4095 4095 4095
102 140 102 106 998 4095 1327 4095 4095 1456
109 123 102 1385 1526 4095 4095 4095 1300 1337
92 112 102 120 1513 1308 4095 4095 4095 1439
101 116 109 129 151 1303 4095 4095 4095 4095
103 108 175 116 1264 1308 1351 1336 1425 1420
108 120 203 113 1532 1306 4095 1335 4095 1446
105 130 252 127 4095 1301 4095 1337 4095 1427
106 130 101 864 1822 4095 1325 4095 1402 1405
101 212 113 980 1832 1309 4095 4095 4095 1457
106 121 105 1099 1171 1305 4095 4095 1411 1415
100 108 214 107 1120 4095 4095 1319 4095 1445
102 115 125 115 172 1302 4095 1343 4095 4095
99 135 100 112 192 4095 1325 4095 4095 4095
100 116 110 128 310 1308 4095 4095 4095 4095
104 108 225 117 782 4095 4095 1319 4095 1424
100 126 102 105 350 4095 1326 4095 4095 4095
99 118 101 1716 1272 1308 4095 4095 1419 1427
103 160 101 113 1279 4095 1327 4095 4095 1430
92 114 110 128 1362 1308 4095 4095 4095 1426
98 114 187 127 535 1304 4095 1339 4095 4095
103 130 103 105 1133 4095 1325 4095 4095 1402
103 108 217 110 1188 4095 4095 1322 4095 1453
110 136 102 1105 2405 4095 1326 4095 1420 1404
105 133 105 118 1683 4095 1326 4095 4095 1404
96 114 175 125 924 1305 4095 1347 4095 1488
96 113 175 109 970 1302 4095 1343 4095 1449
93 112 103 114 1288 1307 4095 4095 4095 1431
104 134 101 113 1775 4095 1327 4095 4095 1415
92 114 109 127 1218 1310 4095 4095 4095 1471
103 108 105 930 594 1304 4095 4095 1419 4095
99 122 102 105 476 4095 1326 4095 4095 4095
103 111 102 865 1417 4095 4095 4095 1298 1310
107 110 207 440 2302 4095 1327 4095 4095 1463
90 114 109 128 1908 1308 4095 4095 4095 1433
111 170 108 1415 4095 1303 1333 4095 1425 1424
95 114 164 109 1010 1306 4095 1329 4095 1476
103 108 278 109 1150 4095 4095 1320 4095 1416
102 128 100 113 1109 4095 1326 4095 4095 1402
100 131 105 116 791 4095 1326 4095 4095 4095
115 122 227 1020 1929 4095 4095 1320 1415 1408
105 109 102 106 1993 1308 4095 4095 4095 1420
102 132 101 108 1152 4095 1326 4095 4095 1442
106 126 102 1097 1536 1305 4095 4095 4095 1423
101 134 105 116 950 4095 1327 4095 4095 1439
92 113 180 125 1316 1306 4095 1346 4095 1432
92 112 105 108 1652 4095 1326 4095 4095 1437
103 116 164 1150 2877 4095 4095 1321 1402 2704
107 119 355 125 1400 4095 4095 1319 4095 1428
103 133 105 116 1911 4095 1326 4095 4095 968
101 118 109 130 144 1304 4095 4095 4095 1430
113 112 162 108 4095 4095 4095 1320 4095 1381
92 112 102 114 1354 1304 4095 4095 4095 1439
99 107 238 113 279 4095 4095 1321 4095 4095
95 114 108 126 941 1308 4095 4095 4095 1445
104 120 109 129 1465 1303 4095 4095 4095 1440
120 124 106 2031 3306 4095 4095 4095 1299 1389
103 140 109 1118 928 4095 1326 4095 1401 1448
92 111 220 123 1179 1304 4095 1342 4095 1446
103 156 103 116 1534 4095 1325 4095 4095 1435
96 114 152 126 872 1310 4095 4095 4095 1413
102 134 101 103 1156 4095 1326 4095 4095 1417
93 112 204 114 1234 1303 4095 1340 4095 1454
94 111 101 121 1518 1303 4095 4095 4095 1425
105 136 104 117 2425 4095 1327 4095 4095 1424
100 128 119 144 1739 1307 4095 4095 4095 878
92 140 104 482 1825 4095 4095 4095 1303 4095
112 111 102 926 3387 4095 4095 4095 1300 1303
106 130 101 114 2145 4095 1327 4095 4095 1403
105 126 109 1538 958 4095 4095 4095 1300 1345
98 107 298 114 102 4095 4095 1320 4095 4095
102 131 100 104 919 4095 1326 4095 4095 1527
97 106 228 108 152 4095 4095 1321 4095 4095
105 182 101 115 2010 4095 1325 4095 4095 1426
100 123 104 115 414 4095 1326 4095 4095 4095
95 114 107 125 1286 1306 4095 4095 4095 1425
91 111 102 106 1710 1304 4095 4095 4095 1423
91 113 143 114 1435 1307 4095 1341 4095 1427
105 109 102 1279 1690 4095 4095 4095 1299 1310
104 109 105 213 1947 4095 4095 4095 1299 1264
103 109 157 958 919 1302 4095 1344 1414 1420
99 106 101 158 381 4095 4095 4095 1299 4095
99 125 101 109 622 4095 1327 4095 4095 1495
104 126 104 885 796 4095 4095 4095 1301 1329
105 137 105 1345 980 1307 1335 4095 1415 1430
103 125 159 143 1616 1305 4095 1335 4095 1421
107 137 102 1742 1389 1308 1346 4095 1420 1532
100 114 104 114 209 1308 4095 4095 4095 4095
101 138 100 114 652 4095 1325 4095 4095 4095
96 114 108 126 1126 1305 4095 4095 4095 1452
90 111 109 126 319 1306 4095 4095 4095 4095
105 119 129 107 837 1309 4095 1361 4095 4095
108 185 104 1191 1774 4095 1325 4095 2505 2495
103 128 101 909 805 4095 1326 4095 1405 1486
102 110 185 115 1325 4095 4095 1320 4095 1424
105 120 272 127 1274 4095 4095 1320 4095 1434
91 111 191 106 1550 1286 4095 1354 4095 1460
101 113 101 1133 429 4095 4095 4095 1299 4095
104 117 102 1706 56 4095 4095 4095 1300 4095
103 136 105 116 1778 4095 1327 4095 4095 1452
96 138 104 116 2107 4095 1326 4095 4095 1285
94 112 207 105 1225 1299 4095 1335 4095 1417
102 130 115 1785 228 4095 4095 4095 1299 4095
95 112 102 125 818 1309 4095 4095 4095 1491
90 113 175 125 1691 1302 4095 1341 4095 1427
105 174 104 977 1359 4095 1325 4095 1427 1416
106 119 100 1088 3005 4095 4095 4095 1300 1289
106 135 101 109 1958 1305 4095 4095 1417 1423
102 107 203 115 1263 4095 4095 1321 4095 1442
104 110 224 116 1590 1407 4095 1339 4095 1440
104 108 233 114 1456 1303 4095 1335 4095 1449
108 119 102 1429 808 4095 4095 4095 1300 1537
101 134 208 994 1472 1305 4095 1324 1418 1422
103 126 100 115 1178 4095 1325 4095 4095 1406
99 195 171 125 1079 1308 4095 4095 4095 1533
103 139 104 116 1663 1309 1334 4095 4095 1445
102 118 100 2464 706 4095 4095 4095 1300 4095
104 108 101 110 1888 1308 4095 4095 4095 1421
102 108 144 115 958 4095 4095 1321 4095 1410
102 150 103 115 929 4095 1325 4095 4095 1487
96 114 178 122 997 1305 4095 1335 4095 1561
92 130 97 1040 1338 4095 1325 4095 1401 1422
98 111 101 112 1080 1305 4095 4095 4095 1438
95 135 103 125 1066 1307 4095 1364 4095 1444
91 113 160 124 1680 1309 4095 1331 4095 1409
102 107 103 338 4095 4095 4095 4095 1300 1392
92 112 101 107 1422 1300 4095 4095 4095 1446
101 159 111 1418 1188 1306 1342 4095 1424 1502
106 137 102 1085 1319 4095 1325 4095 1418 1451
104 120 109 2548 166 4095 4095 4095 1298 4095
112 121 111 1003 1603 4095 4095 4095 1299 1308
105 130 99 1141 1225 4095 1326 4095 1398 1428
93 112 103 113 1412 4095 4095 1320 1383 4095
104 127 101 853 1304 4095 1325 4095 1403 1414
104 120 110 1025 884 4095 1326 4095 4095 4095
94 113 107 122 1224 1305 4095 4095 4095 1443
109 141 102 1411 400 1307 4095 1329 4095 1424
78 111 101 113 4095 1309 4095 4095 4095 1004
95 113 102 125 930 1304 4095 4095 4095 1458
102 141 158 1051 1369 1308 1345 1349 1417 1412
102 131 253 140 1599 1301 4095 1340 4095 1427
107 120 188 829 1184 1306 4095 1325 1417 1421
102 137 102 108 1257 4095 1327 4095 4095 1421
107 108 208 116 1154 4095 4095 1321 4095 1419
104 109 103 899 1298 1307 4095 4095 1418 1414
105 145 111 130 890 1309 1339 4095 4095 1429
101 141 100 105 990 4095 1326 4095 4095 1421
102 136 101 108 650 4095 1325 4095 4095 1525
99 118 102 1079 1240 4095 4095 1321 4095 4095
91 114 107 124 1591 1307 4095 4095 4095 1427
100 108 294 113 662 4095 4095 1321 4095 1437
105 109 145 945 1304 1302 4095 1337 1423 1536
103 133 101 108 1331 4095 1326 4095 4095 1419
96 113 146 125 634 1309 4095 4095 4095 4095
107 181 104 115 3296 4095 1326 4095 4095 1424
104 153 102 113 1829 4095 1326 4095 4095 1434
101 129 100 104 967 4095 1326 4095 4095 4095
112 147 108 1098 1365 1306 1337 4095 1405 1435
100 128 250 147 1306 1304 4095 1332 4095 1447
95 114 108 123 994 1306 4095 4095 4095 1420
94 113 152 120 1170 1307 4095 1345 4095 1450
90 113 100 108 1287 1309 4095 4095 4095 1446
109 118 105 1722 838 4095 4095 4095 1300 4095
104 108 205 118 1442 4095 4095 1320 4095 1423
99 124 104 114 257 4095 1326 4095 4095 4095
102 142 106 919 1220 4095 4095 4095 1299 39
85 130 98 861 1812 1308 4095 4095 1429 1425
105 132 101 899 1393 1318 4095 4095 4095 1437
101 118 103 1319 188 4095 4095 4095 1299 4095
94 114 108 123 1171 1305 4095 4095 4095 1449
99 107 241 112 161 4095 4095 1320 4095 4095
105 108 100 767 1332 4095 4095 4095 1300 1420
105 108 179 968 1151 4095 1326 4095 1398 1463
104 132 101 1800 233 4095 1325 4095 1389 4095
92 113 107 123 1563 1305 4095 4095 4095 1424
102 109 102 972 965 1304 4095 4095 4095 1439
102 107 99 1325 617 4095 4095 4095 1299 1321
109 170 102 110 3022 4095 1326 4095 4095 1416
101 127 100 116 655 4095 1327 4095 4095 1423
99 126 107 1056 723 1308 4095 4095 1418 1485
98 108 102 159 170 4095 4095 4095 1299 4095
104 137 99 106 1522 4095 1326 4095 4095 1436
94 111 104 114 1267 1305 4095 4095 4095 1431
83 132 102 925 2482 1305 1356 4095 1424 1422
99 138 103 114 473 4095 1326 4095 4095 4095
123 129 100 1148 1580 4095 1325 4095 1385 1517
116 122 102 112 3712 1302 4095 4095 4095 1427
108 129 103 111 1406 4095 1327 4095 4095 1400
102 109 147 118 1382 4095 4095 1321 4095 1426
92 114 189 123 1715 1311 4095 1331 4095 1240
92 112 104 117 1724 1302 4095 4095 4095 1427
103 109 99 917 953 4095 4095 4095 1299 1585
103 141 102 109 1350 4095 1327 4095 4095 1420
101 109 101 1052 990 4095 4095 4095 1301 1311
100 115 107 124 121 1302 4095 4095 4095 4095
95 132 323 915 4095 1303 4095 1333 1429 1412
91 105 96 286 260 4095 4095 4095 1298 4095
95 111 203 114 975 1306 4095 1335 4095 1453
95 115 165 570 601 4095 1326 4095 1404 4095
96 115 105 122 988 1302 4095 4095 4095 1436
99 119 255 120 1296 4095 4095 1321 4095 1445
92 112 198 756 1111 1309 4095 1321 1408 1423
101 130 101 108 883 4095 1327 4095 4095 1494
102 108 244 117 584 4095 4095 1321 4095 4095
101 109 287 114 688 4095 4095 1319 4095 4095
94 113 104 117 1742 1305 4095 4095 4095 0
104 181 100 106 1709 4095 1328 4095 4095 1432
103 141 101 109 1200 4095 1326 4095 4095 1419
93 131 163 273 1048 1304 4095 1327 1428 1427
88 112 106 123 2327 1302 4095 4095 4095 1420
104 127 103 1374 753 4095 1325 4095 1396 1409
99 126 99 107 443 4095 1325 4095 4095 4095
90 111 104 116 1729 1303 4095 4095 4095 1425
94 115 103 130 1268 1306 4095 4095 4095 621
102 143 102 114 1479 4095 1326 4095 4095 1424
106 130 103 816 1766 4095 1325 4095 1403 1396
104 120 102 113 855 1303 4095 4095 4095 1501
90 135 100 109 539 1305 4095 4095 4095 1417
102 128 102 1119 285 4095 1325 4095 1407 4095
94 115 106 124 1110 1308 4095 4095 4095 1431
94 147 105 118 1237 1310 1347 4095 4095 1438
101 108 160 1010 99 4095 4095 1321 1407 4095
126 125 230 138 4095 1301 4095 1340 4095 1414
94 115 105 131 1113 1303 4095 4095 4095 1427
101 139 107 1158 1200 4095 1325 4095 4095 1464
102 134 102 109 1282 4095 1326 4095 4095 1416
99 106 131 106 129 4095 4095 1320 4095 4095
102 106 101 955 155 4095 4095 4095 1305 4095
105 130 103 911 1102 4095 1325 4095 1405 1410
108 135 104 1266 1933 4095 1326 4095 4095 4095
98 113 105 117 613 4095 4095 1322 4095 4095
105 135 100 107 2175 4095 1326 4095 4095 1401
101 106 101 319 484 4095 4095 4095 1299 4095
101 120 108 1416 110 4095 4095 4095 1299 4095
102 127 103 1347 426 4095 1326 4095 1393 4095
101 119 336 117 268 4095 4095 1321 4095 4095
102 106 306 107 732 4095 4095 1321 4095 4095
92 110 104 115 1731 1309 4095 4095 4095 1416
100 115 106 131 55 1301 4095 4095 4095 4095
99 126 102 115 133 4095 1326 4095 4095 4095
102 107 102 991 586 4095 4095 4095 1299 4095
102 107 99 1035 443 4095 4095 4095 1299 4095
93 111 173 116 1305 1304 4095 1344 4095 1446
101 130 103 120 579 4095 1327 4095 4095 4095
92 113 106 124 1321 1302 4095 4095 4095 1460
102 108 102 867 1215 4095 4095 4095 1302 1313
101 108 130 108 1027 4095 4095 1320 4095 1393
99 106 221 109 1031 4095 4095 1319 4095 1435
98 107 118 118 95 4095 4095 1320 4095 4095
108 140 107 1225 1136 4095 4095 4095 1301 1333
103 108 103 1271 908 4095 4095 4095 1299 1333
104 110 174 108 1682 4095 4095 1320 4095 1418
96 112 103 116 1047 1311 4095 4095 4095 1454
91 114 106 131 1657 1306 4095 4095 4095 1541
100 129 102 114 326 1305 4095 1335 1419 1490
104 118 107 1895 256 4095 4095 4095 1291 4095
103 109 255 110 1341 4095 4095 1311 4095 2154
94 111 105 116 1097 1306 4095 4095 4095 1439
104 133 105 884 943 4095 1325 4095 1397 1437
92 114 139 125 1260 1306 4095 1336 4095 1445
86 134 105 113 2254 1307 1371 4095 4095 1426
101 148 99 108 995 4095 1325 4095 4095 1445
104 106 102 1701 552 4095 4095 4095 1300 4095
100 125 102 119 634 4095 1326 4095 4095 4095
106 158 110 134 715 1301 1343 4095 4095 1456
104 139 103 109 1775 4095 1325 4095 4095 1428
105 120 102 115 1206 4095 1326 4095 4095 4095
104 116 105 882 714 4095 4095 4095 1300 1340
94 115 108 131 1053 1303 4095 4095 4095 1526
100 115 106 126 142 1306 4095 4095 4095 4095
95 139 105 1480 2765 4095 1326 4095 1356 1358
107 110 100 1262 1585 1307 4095 4095 1406 1410
104 105 214 110 454 4095 4095 1320 4095 4095
108 111 105 1007 2399 1310 4095 4095 1428 1415
93 114 338 125 1165 1307 4095 1332 4095 1439
98 115 106 1258 1103 4095 4095 4095 1299 1306
111 158 103 975 909 4095 1326 4095 1404 1416
92 111 145 117 1463 4095 4095 4095 1299 1264
91 115 108 131 1542 1309 4095 4095 4095 1413
99 107 288 115 107 4095 4095 1319 4095 4095
102 143 102 108 741 4095 1328 4095 4095 1484
91 113 100 114 1461 1311 4095 4095 4095 1416
100 138 102 111 766 4095 1327 4095 4095 1472
99 128 216 152 3924 4095 4095 4095 1300 4095
101 108 101 1069 924 4095 4095 4095 1300 1333
92 110 152 111 2349 1303 4095 1345 4095 1426
102 118 520 115 998 1307 4095 4095 4095 1420
103 128 173 109 807 4095 1327 1328 4095 1443
99 116 134 130 537 4095 1326 4095 4095 1444
104 134 103 765 1167 4095 1325 4095 1414 1426
95 113 202 112 1087 1309 4095 1337 4095 4095
101 107 100 108 1184 1307 4095 4095 4095 1390
101 143 100 111 793 4095 1326 4095 4095 1448
95 115 108 129 1462 1309 4095 4095 4095 1447
97 108 105 167 123 4095 4095 4095 1300 4095
103 131 102 107 1853 4095 1326 4095 4095 1402
105 118 100 109 2141 4095 1326 4095 4095 1436
104 129 102 950 1197 1306 1345 4095 1419 1429
92 114 213 129 1500 1305 4095 1324 4095 1434
99 107 194 115 107 4095 4095 1320 4095 4095
93 113 105 112 1727 1304 4095 4095 4095 1451
104 136 101 1000 1263 4095 4095 4095 1299 1306
95 112 194 118 1072 1304 4095 1345 4095 1480
108 109 109 111 105 4095 1326 4095 4095 4095
98 106 337 116 112 4095 4095 1321 4095 4095
108 167 104 110 2820 4095 1325 4095 1389 1399
101 130 109 997 1001 4095 4095 4095 1300 1323
101 107 208 112 988 4095 4095 1320 4095 1435
102 127 104 924 907 4095 4095 4095 1300 1344
89 113 106 127 1977 1304 4095 4095 4095 1429
102 170 102 106 1597 4095 1325 4095 4095 1449
102 129 242 127 989 1307 4095 1332 4095 1452
105 107 157 1383 942 1302 4095 1342 1422 1498
108 110 105 1008 434 4095 4095 4095 1300 4095
105 123 113 137 875 1306 4095 4095 4095 1435
106 110 180 106 2110 1303 4095 1847 4095 1420
104 135 99 110 1849 1309 4095 1341 4095 4095
96 113 102 119 593 1310 4095 4095 4095 4095
90 113 110 128 1972 1302 4095 4095 4095 1426
103 108 206 1163 459 4095 4095 1320 1408 4095
100 128 102 106 407 4095 4095 4095 4095 4095
113 123 115 1348 1191 1303 4095 4095 1414 1422
99 106 371 115 117 4095 4095 1321 4095 4095
110 120 103 106 2209 1309 4095 4095 4095 1425
99 128 101 108 153 4095 1326 4095 4095 4095
105 128 101 912 1414 1310 1351 4095 1426 1432
101 161 105 115 613 4095 1326 4095 4095 4095
99 128 103 115 154 4095 1325 4095 4095 4095
105 137 100 104 2036 4095 1326 4095 4095 1509
104 127 102 1581 405 4095 1326 4095 1396 4095
93 112 102 123 1206 1309 4095 4095 4095 1575
97 114 108 126 658 1304 4095 4095 4095 1445
104 129 103 116 1435 4095 1327 4095 4095 1412
106 130 101 794 1461 1306 1348 4095 1423 1421
109 120 105 1071 1031 1306 4095 4095 1419 1482
103 109 101 993 1070 4095 4095 4095 1298 1304
103 121 296 131 2529 1300 4095 1340 4095 1447
108 111 107 1195 3070 4095 4095 1320 4095 4095
98 107 114 103 191 4095 4095 1320 4095 4095
107 110 102 954 2215 4095 4095 4095 1299 1297
190 97 122 948 1290 4095 4095 4095 1299 1304
100 131 163 933 845 4095 1325 1336 1411 1481
102 109 168 115 1546 4095 4095 1319 4095 1404
101 132 100 104 1055 4095 1327 4095 4095 1599
95 147 108 123 2300 4095 4095 4095 1299 4095
93 113 193 123 1035 1304 4095 1344 4095 1458
98 115 108 124 579 1306 4095 4095 4095 4095
92 114 204 124 1496 1302 4095 4095 4095 4095
101 126 108 1560 761 4095 4095 4095 1299 4095
90 111 102 114 1702 4095 4095 1320 4095 1448
98 106 125 116 43 4095 4095 1321 4095 4095
75 110 106 123 3982 1305 4095 4095 4095 1517
105 148 104 114 2267 4095 1326 4095 4095 1416
93 112 101 235 1394 1307 4095 4095 1424 1429
93 112 104 113 1659 1305 4095 4095 4095 1427
96 128 100 114 243 4095 1326 4095 4095 4095
94 114 108 124 1176 1307 4095 4095 4095 1477
99 126 102 115 373 4095 1329 4095 4095 4095
110 141 104 1114 856 4095 4095 4095 1303 1374
101 107 104 1191 157 4095 4095 4095 1299 4095
107 139 101 1016 1882 1309 1332 4095 1420 1422
95 114 282 123 959 1304 4095 1321 4095 4095
100 115 108 123 173 1309 4095 4095 4095 4095
102 139 99 104 1193 4095 1326 4095 4095 1427
101 106 233 109 780 4095 4095 1321 4095 1491
103 130 101 115 1679 4095 1326 4095 4095 1394
109 154 106 118 3021 4095 1326 4095 4095 1428
99 106 150 112 155 4095 4095 1320 4095 4095
91 127 163 108 1776 1306 4095 1337 4095 1427
112 111 188 112 4095 4095 4095 1320 4095 4095
109 120 103 1759 733 4095 4095 4095 1300 1438
103 140 103 114 1336 4095 1327 4095 4095 1419
109 120 108 1018 1397 4095 4095 4095 1301 799
110 140 101 107 3528 4095 1328 4095 4095 1399
104 152 101 108 1561 4095 1326 4095 4095 1430
101 167 101 115 797 4095 1326 4095 4095 4095
95 113 109 123 982 4095 1326 4095 4095 4095
100 106 102 716 161 4095 4095 4095 1300 4095
102 107 185 104 1181 4095 4095 1319 4095 1417
102 108 244 109 1166 4095 4095 1320 4095 1539
99 117 103 128 3660 1302 4095 4095 4095 1460
105 137 105 1181 1068 4095 1325 4095 1402 1430
100 119 106 121 1469 1308 4095 4095 4095 1435
103 119 264 108 877 1304 4095 1324 4095 1439
113 138 103 1387 3118 4095 1326 4095 1393 1377
94 114 103 127 1037 1308 4095 4095 4095 1459
99 149 103 113 559 4095 1326 4095 4095 1479
94 143 104 119 1181 1305 1341 4095 4095 1476
103 108 286 105 1622 4095 4095 1320 4095 1600
103 140 104 962 1005 4095 1327 4095 1395 1390
103 108 244 117 1086 4095 4095 1321 4095 1421
106 110 445 116 2175 4095 4095 1321 4095 1587
99 126 103 112 163 4095 1327 4095 4095 4095
111 112 260 107 3717 4095 4095 1319 4095 1385
107 108 126 111 2657 4095 4095 1318 4095 1369
103 134 102 1236 366 4095 1325 4095 1408 4095
106 130 104 873 2164 4095 4095 4095 1300 1298
103 107 126 112 178 4095 4095 1321 4095 4095
103 166 99 106 1441 4095 1326 4095 4095 1500
101 124 102 109 772 4095 1326 4095 4095 4095
104 109 101 218 2008 4095 4095 4095 1299 1297
103 142 108 1337 1136 4095 1326 4095 1401 1577
102 129 102 112 945 4095 1325 4095 4095 1461
95 113 100 108 1125 1308 4095 4095 4095 1439
92 111 104 115 1533 1303 4095 4095 4095 1431
105 109 100 222 1456 4095 4095 4095 1300 1286
80 141 177 122 4095 1302 1341 1343 4095 1420
103 127 102 112 1755 4095 1325 4095 4095 1422
108 110 166 1130 3754 1302 4095 1344 1423 1411
106 118 175 117 1023 1302 4095 1342 4095 1437
107 121 104 1949 895 4095 4095 4095 1299 1338
101 107 149 115 442 4095 4095 1319 4095 4095
97 114 105 118 774 1307 4095 4095 4095 4095
102 133 99 105 1119 4095 1326 4095 4095 1442
103 157 172 866 1121 1309 1327 1349 1422 1434
94 114 104 129 1101 1305 4095 4095 4095 1425
91 113 131 122 1624 1307 4095 4095 4095 1482
100 118 107 120 1144 1302 4095 4095 4095 1447
106 120 100 988 1245 4095 4095 4095 1300 1303
105 108 427 110 1927 4095 4095 1321 4095 1455
90 114 237 131 1439 1303 4095 1341 4095 1442
98 114 107 124 825 1307 4095 4095 4095 4095
104 119 106 1131 1526 4095 4095 4095 1301 1314
99 127 99 106 126 4095 1326 4095 4095 4095
104 131 102 1317 840 4095 1326 4095 1395 1458
93 114 158 128 1228 1309 4095 1336 4095 1433
103 137 103 114 1214 4095 1326 4095 4095 1420
89 113 105 118 2493 1305 4095 4095 4095 1479
104 179 98 106 1342 4095 1326 4095 4095 1462
89 110 104 116 1817 1305 4095 4095 4095 1429
99 114 104 129 153 1304 4095 4095 4095 4095
110 123 110 133 1639 1303 4095 4095 4095 1434
102 162 102 109 1080 4095 1325 4095 4095 1437
100 107 163 268 171 4095 4095 1320 1413 4095
100 105 112 110 140 4095 4095 1321 4095 4095
81 112 103 130 2996 1304 4095 4095 4095 1417
92 114 106 126 1438 1307 4095 4095 4095 1428
94 113 105 116 1114 1301 4095 4095 4095 1486
95 113 100 113 891 1306 4095 4095 4095 4095
98 127 101 109 215 4095 4095 4095 1299 1320
88 116 104 1297 2762 1303 4095 4095 3123 1477
101 108 140 115 668 4095 4095 1326 4095 4095
94 129 99 105 1249 4095 1326 4095 4095 1434
95 113 100 111 961 1302 4095 4095 4095 1417
102 131 101 109 1094 4095 1326 4095 4095 1414
95 116 107 131 977 1304 4095 4095 4095 1512
101 130 102 113 453 4095 4095 1319 4095 1453
100 143 106 790 627 4095 1326 4095 1398 4095
103 132 99 839 922 4095 1325 4095 1404 1486
92 110 104 117 1539 1305 4095 4095 4095 1424
104 172 103 119 1555 4095 1328 4095 4095 1437
97 115 106 124 647 1303 4095 4095 4095 1461
107 145 110 1298 840 4095 1326 4095 1403 4095
117 159 103 1360 4095 1307 1329 4095 1424 1416
90 109 146 116 1792 1306 4095 1354 4095 1531
93 116 187 131 1075 1307 4095 1338 4095 1449
98 107 306 115 111 4095 4095 1320 4095 4095
102 118 318 118 348 4095 4095 1320 4095 4095
108 137 106 1880 2185 4095 4095 4095 1299 1318
104 127 102 1260 854 4095 1325 4095 1396 4095
105 109 143 119 2153 4095 4095 1322 4095 1391
91 114 104 125 1469 1301 4095 4095 4095 1420
102 108 102 255 1304 4095 4095 4095 1299 1331
96 114 99 112 952 1306 4095 4095 4095 1445
88 110 144 945 1605 1309 4095 1340 1422 1421
104 142 103 120 1728 4095 1327 4095 4095 1407
103 124 231 185 110 4095 4095 1321 1432 4095
100 136 102 109 828 4095 1326 4095 4095 1448
102 143 100 109 1147 4095 1326 4095 4095 1427
102 165 101 111 905 4095 1326 4095 4095 1459
104 131 103 843 1083 4095 1325 4095 1398 1388
95 113 108 126 1035 4095 4095 1321 4095 18
93 112 174 113 1390 1304 4095 4095 1422 1478
97 112 105 116 826 1304 4095 4095 4095 1466
90 112 102 123 1579 1306 4095 4095 4095 1425
93 113 108 124 1358 1304 4095 4095 4095 1494
105 129 103 965 1741 4095 1325 4095 1396 1400
102 135 103 106 1227 4095 1326 4095 4095 1452
102 133 100 108 959 4095 1326 4095 4095 1459
104 108 101 763 1046 4095 4095 4095 1299 1317
93 137 123 872 4095 4095 4095 4095 1300 1279
107 110 104 1129 2377 4095 4095 4095 1299 1298
98 113 190 114 929 1306 4095 1323 4095 4095
104 136 99 109 1729 4095 1327 4095 4095 1463
102 136 101 111 990 4095 1326 4095 4095 1421
119 125 111 335 4095 1308 4095 4095 2066 1426
108 122 108 129 1738 1303 4095 4095 4095 1424
97 115 106 113 785 1309 4095 4095 4095 1435
100 144 97 1066 879 4095 1326 4095 1406 4095
94 130 105 118 1026 1305 4095 4095 4095 1422
109 133 105 1112 2294 1308 1337 4095 1423 1426
104 109 102 853 1408 4095 4095 4095 1299 1299
104 140 102 109 1730 4095 1327 4095 4095 1522
104 109 101 853 1481 4095 4095 4095 1299 1305
103 129 100 110 776 4095 1327 4095 4095 4095
101 129 104 118 1030 4095 1326 4095 4095 1457
100 107 145 327 383 4095 4095 1320 1380 4095
101 109 103 824 2108 4095 4095 4095 1299 1289
103 137 100 109 1438 4095 1326 4095 4095 1411
102 135 101 112 1087 4095 1326 4095 4095 1418
102 135 104 118 1291 4095 1326 4095 4095 1475
94 114 107 126 1079 1310 4095 4095 4095 1449
99 107 103 107 202 1307 4095 4095 4095 4095
105 177 100 109 1831 4095 1326 4095 4095 1442
104 108 100 965 1148 4095 4095 4095 1299 1293
94 115 179 129 1117 1310 4095 1340 4095 1549
108 138 104 117 2663 4095 1326 4095 4095 1410
100 124 101 107 627 4095 1326 4095 4095 4095
105 120 101 1075 699 4095 4095 4095 1301 4095
106 160 101 840 1980 4095 1324 4095 1429 1429
96 115 109 129 836 1308 4095 4095 4095 1483
110 112 409 118 3360 4095 1327 1325 4095 1415
100 113 105 111 255 1309 4095 4095 4095 4095
99 143 212 109 535 4095 1328 1325 4095 4095
101 131 101 112 944 4095 1326 4095 4095 1396
92 114 108 129 1389 1305 4095 4095 4095 1458
91 113 121 126 1666 1305 4095 4095 4095 1417
99 123 102 106 202 4095 1326 4095 4095 4095
99 114 102 115 593 1307 4095 4095 4095 4095
101 136 97 938 1253 1311 1346 4095 1421 1517
112 122 114 1454 1047 1307 4095 4095 1421 1435
94 114 107 126 1321 4095 1326 4095 4095 4095
96 113 106 110 1336 1304 4095 4095 4095 1447
103 120 102 1126 1392 4095 4095 4095 1300 1305
93 112 102 120 1316 1306 4095 4095 4095 1417
107 166 109 122 1449 1300 4095 1344 4095 1494
100 130 103 116 629 4095 1327 4095 4095 4095
93 113 106 111 1273 1309 4095 4095 4095 1437
91 113 102 115 1592 4095 4095 1322 4095 1398
98 112 102 119 611 1303 4095 4095 4095 1454
102 131 104 117 1277 4095 1326 4095 4095 1419
105 122 114 1017 2017 4095 4095 4095 1300 1321
106 119 106 1835 557 4095 4095 4095 1299 4095
99 106 335 108 153 4095 4095 1321 4095 4095
101 108 100 112 1302 4095 4095 4095 4095 1424
102 130 105 117 1421 4095 1326 4095 4095 1506
94 113 179 126 1057 1305 4095 1344 4095 1440
83 112 104 108 2744 1303 4095 4095 4095 1421
102 142 103 916 1598 1310 1327 4095 1420 1432
101 123 100 113 659 4095 1327 4095 4095 4095
92 114 212 128 1771 1305 4095 1328 4095 1425
90 113 107 127 1500 1309 4095 4095 4095 1419
102 108 264 105 1173 4095 4095 1319 4095 1448
104 109 101 1047 1159 4095 4095 4095 1300 1328
99 113 103 121 432 1309 4095 4095 4095 4095
104 110 130 118 1767 1307 4095 1329 4095 1414
99 107 267 115 116 4095 4095 1320 4095 4095
108 136 103 1600 1667 4095 1325 4095 1413 1441
105 109 100 111 1880 1307 4095 4095 4095 1441
106 154 110 1245 1300 4095 4095 4095 1299 1319
105 109 106 1216 1348 4095 4095 4095 1299 1326
100 114 131 126 189 1306 4095 1408 4095 4095
102 108 103 1418 434 4095 4095 4095 1301 4095
93 112 102 114 1328 1304 4095 4095 4095 1429
93 112 103 121 1336 1308 4095 4095 4095 1433
102 150 105 115 1167 4095 1327 4095 4095 1450
96 114 108 126 852 4095 4095 4095 1300 1344
103 108 101 1102 1273 4095 4095 4095 1300 1323
93 113 102 115 1403 4095 4095 1320 4095 1421
105 117 104 1244 602 4095 4095 4095 1299 4095
99 130 104 116 166 4095 1327 4095 4095 4095
111 112 304 118 3545 1304 4095 1341 4095 1442
92 113 106 107 1397 1307 4095 4095 4095 1459
100 114 195 116 1358 1307 4095 1335 4095 4095
100 105 138 113 154 4095 4095 1320 4095 4095
101 108 127 116 958 4095 4095 1320 4095 1366
101 114 108 125 175 1309 4095 4095 4095 4095
102 108 101 1033 823 4095 4095 4095 1300 1362
92 113 103 115 1416 1305 4095 4095 4095 1438
109 141 105 129 1270 1302 1354 4095 4095 1428
99 108 316 115 140 4095 4095 1322 4095 4095
104 109 104 955 1617 4095 4095 4095 1300 1293
87 111 102 105 2256 1304 4095 4095 4095 1434
109 150 102 111 3234 4095 1327 4095 4095 1417
93 112 102 124 1408 1303 4095 4095 4095 1437
100 133 104 115 293 4095 1326 4095 4095 4095
102 108 252 115 914 4095 4095 1319 4095 1440
106 109 372 104 1789 4095 4095 1319 4095 1433
91 105 184 109 1250 4095 4095 1320 4095 176
99 106 100 309 280 4095 4095 4095 1299 4095
103 109 105 888 942 1310 4095 4095 1404 1426
98 107 267 114 146 1306 4095 1331 4095 4095
104 129 101 1000 734 4095 4095 4095 1299 1417
99 125 102 108 157 4095 1327 4095 4095 4095
106 100 105 104 106 1311 1327 4095 1427 1570
105 161 104 116 2116 4095 1326 4095 4095 1424
95 112 143 124 1406 1306 4095 1350 4095 1497
100 108 228 107 1583 4095 4095 1320 4095 1416
116 145 104 112 4095 4095 1326 4095 4095 1403
96 113 103 124 816 1303 4095 4095 4095 1453
104 120 111 130 1583 1307 4095 4095 4095 1450
103 129 104 114 1377 4095 1326 4095 4095 1425
112 121 104 1100 1414 1305 1343 4095 4095 1416
106 108 201 111 2913 1306 4095 4095 4095 1471
102 108 100 873 1526 4095 4095 4095 1299 1342
93 113 109 124 1298 1303 4095 4095 4095 1431
103 118 209 125 1083 4095 4095 1320 4095 1438
105 147 102 104 3046 4095 1326 4095 4095 1414
105 134 102 109 1773 4095 1327 4095 4095 1430
106 153 181 913 830 1308 1329 1325 1419 1438
93 114 108 123 1441 1307 4095 4095 4095 1423
93 113 107 123 1491 1304 4095 4095 4095 1451
94 112 132 105 950 1309 4095 1369 4095 1476
103 132 101 108 1251 4095 1326 4095 4095 1409
104 137 101 1040 1183 4095 1325 4095 1414 1427
92 136 108 124 1591 1309 1338 4095 4095 1422
87 160 106 930 1808 1316 1326 4095 1415 1439
99 126 99 103 316 4095 1326 4095 4095 4095
98 143 100 108 155 4095 1327 4095 4095 4095
101 130 101 115 887 4095 1325 4095 4095 1403
102 108 104 1023 989 4095 4095 4095 1300 1312
101 118 110 127 189 1305 4095 4095 4095 4095
101 131 99 104 605 4095 1326 4095 4095 4095
99 112 189 112 936 1307 4095 1335 4095 1467
102 108 158 115 572 4095 4095 1320 4095 1451
106 123 115 1441 1028 4095 4095 4095 1301 1301
94 114 104 944 940 4095 4095 4095 1300 1309
105 119 127 107 1281 1308 4095 1338 4095 1434
98 113 104 114 1503 1310 4095 4095 4095 4095
96 106 275 115 77 4095 4095 1320 4095 4095
99 132 102 113 128 4095 1325 4095 4095 4095
85 111 105 120 2422 1308 4095 4095 4095 1431
94 114 100 109 1320 1308 4095 4095 4095 1416
91 111 104 113 1466 4095 4095 4095 1299 1283
103 109 102 1022 1009 4095 4095 4095 1299 3447
100 118 107 1198 870 4095 4095 4095 1300 1368
110 112 148 116 4095 4095 4095 1320 4095 1390
92 112 101 108 1458 1309 4095 4095 4095 1422
102 107 176 109 1350 4095 4095 1319 4095 1473
95 157 111 2128 1561 4095 1325 4095 1390 1410
102 134 103 114 843 4095 1326 4095 4095 1427
102 131 103 947 677 1310 1334 4095 1423 4095
104 118 101 1543 226 4095 4095 4095 1298 4095
103 137 104 1048 576 4095 1325 4095 1400 4095
103 135 101 118 1227 4095 1326 4095 4095 1423
102 134 102 114 1226 4095 1326 4095 4095 1439
89 128 104 119 1923 1307 4095 4095 4095 1475
106 181 102 108 816 1309 1327 4095 4095 1468
97 153 99 106 282 4095 1325 4095 4095 4095
106 120 105 132 1333 1304 4095 4095 4095 1436
104 135 103 115 1672 4095 1327 4095 4095 1411
92 114 105 119 1599 1303 4095 4095 4095 1449
89 112 169 896 1188 1307 4095 1347 1419 1488
91 110 103 115 1585 1302 4095 4095 4095 1421
104 110 101 1192 1252 4095 4095 4095 1300 1305
100 132 103 113 641 4095 1328 4095 4095 1436
101 152 101 111 894 4095 1326 4095 4095 1474
111 147 165 1235 1484 1304 1340 1343 1423 1431
102 130 102 795 777 4095 1326 4095 1419 1432
109 121 105 978 777 4095 4095 4095 1300 1395
91 113 107 123 1628 1311 4095 4095 4095 1442
101 108 137 110 1057 4095 4095 1320 4095 1436
105 168 103 1289 856 4095 1327 4095 3303 481
104 117 107 117 1190 1301 4095 4095 4095 1443
103 129 101 117 1187 1308 1334 4095 4095 1425
109 121 197 1109 777 4095 4095 1320 1405 1422
95 113 105 118 1241 1304 4095 1334 4095 1431
95 112 100 110 1128 1307 4095 4095 4095 1454
88 109 104 115 2160 1302 4095 4095 4095 1425
98 106 145 117 75 4095 4095 1320 4095 4095
96 137 107 123 730 1310 1359 4095 4095 1464
105 126 103 112 2904 4095 1325 4095 4095 1400
104 133 99 1024 1165 4095 1326 4095 1410 1550
94 111 104 115 1317 1307 4095 4095 4095 1422
85 114 219 132 3549 1308 4095 1331 4095 1230
105 109 103 956 1670 4095 4095 4095 1299 1307
93 113 105 117 1284 1304 4095 4095 4095 1467
106 120 100 1221 648 4095 4095 4095 1300 4095
92 110 103 115 1658 1308 4095 4095 4095 1425
103 137 102 120 1501 4095 1326 4095 4095 1413
104 134 103 1116 801 4095 1326 4095 1407 1555
93 123 105 116 1548 1308 4095 4095 4095 1432
96 114 196 111 885 1308 4095 1335 4095 1447
105 130 102 1035 1226 4095 1325 4095 1380 1400
101 128 102 257 1101 4095 1326 4095 1405 1429
93 134 171 510 844 1306 1342 1342 1419 1475
98 110 103 948 1255 4095 4095 4095 1298 1304
92 113 100 112 1425 1303 4095 4095 4095 1426
99 127 102 108 131 4095 1326 4095 4095 4095
82 113 106 131 2986 1302 4095 4095 4095 1415
103 108 140 1001 1906 1307 4095 1343 1419 1452
103 144 112 125 1095 1306 1335 4095 4095 1431
94 113 229 111 1124 1305 4095 1330 4095 1448
105 142 101 111 1529 4095 1326 4095 1398 1446
101 117 106 131 42 1308 4095 4095 4095 4095
101 115 106 125 105 1307 4095 4095 4095 4095
105 134 104 110 2044 4095 1327 4095 4095 1425
104 108 99 807 1344 4095 4095 4095 1300 1308
99 104 140 108 155 4095 4095 1321 4095 4095
103 138 103 119 1178 4095 1327 4095 4095 1427
87 113 105 124 1984 1305 4095 4095 4095 1402
103 122 174 122 1922 4095 1326 4095 4095 1450
113 143 205 956 1470 1309 1340 1336 1423 1431
96 111 188 117 630 1303 4095 1334 4095 1450
91 116 106 132 1569 1307 4095 4095 4095 1485
93 113 105 125 1341 4095 4095 1321 4095 4095
100 126 103 108 1383 1310 4095 4095 4095 1418
114 122 101 1227 1451 4095 4095 4095 1299 1309
93 111 120 117 1465 1308 4095 4095 4095 1410
95 115 157 132 1022 1307 4095 1353 4095 1437
104 108 335 115 1535 4095 4095 1320 4095 1417
108 110 313 1202 1707 1305 4095 1734 1419 1441
100 129 99 108 134 4095 1326 4095 4095 4095
98 112 104 117 720 4095 4095 4095 1300 4095
105 110 279 120 2148 4095 4095 1321 4095 1409
102 130 290 143 110 4095 4095 1320 4095 4095
103 133 103 938 796 4095 1325 4095 1414 1518
103 123 103 120 1027 1307 4095 4095 4095 1426
106 206 104 114 2560 4095 1327 4095 4095 1440
94 115 108 131 1028 1303 4095 4095 4095 1487
109 175 104 118 2839 4095 1326 4095 4095 1415
93 113 106 114 1330 1304 4095 4095 4095 1423
104 121 99 110 1531 4095 1326 4095 4095 1437
106 118 107 926 1989 4095 4095 4095 1300 1332
102 109 147 120 967 4095 4095 1320 4095 1407
96 115 106 125 926 1303 4095 4095 4095 1421
89 106 235 102 1598 4095 4095 1320 4095 1406
96 114 101 115 984 1309 4095 4095 4095 1438
92 111 104 118 1373 1306 4095 4095 4095 1424
105 110 273 120 1960 4095 4095 1320 4095 1433
104 135 104 426 1319 4095 1326 4095 1423 1417
107 110 248 110 2823 4095 4095 1320 4095 1403
94 139 184 124 1147 1309 4095 4095 4095 1441
91 111 147 438 1250 1309 4095 1362 1428 1471
104 110 105 1394 1029 4095 4095 4095 1300 1343
100 107 102 694 108 4095 1326 4095 4095 4095
103 133 102 107 1301 4095 1326 4095 4095 1441
90 113 101 113 1888 1307 4095 4095 4095 1407
100 123 101 111 383 4095 1327 4095 4095 4095
108 124 152 139 2130 1307 4095 1353 4095 1474
105 143 108 1018 862 4095 1326 4095 1397 1427
102 108 225 108 1340 4095 4095 1320 4095 597
107 121 101 1146 1879 1305 4095 4095 1429 1428
104 138 101 965 1074 4095 1325 4095 1415 1419
102 108 104 1350 547 4095 4095 4095 1299 1301
103 143 103 126 1333 4095 1326 4095 4095 1419
101 125 114 1355 342 4095 4095 4095 1299 4095
101 118 102 974 1468 4095 4095 4095 1300 1314
104 130 101 112 1580 4095 1327 4095 4095 1411
102 109 103 352 1428 4095 4095 4095 1298 1294
100 119 358 131 381 4095 4095 1324 4095 4095
94 112 138 110 1278 1306 4095 1360 4095 1430
105 133 109 127 1314 4095 4095 4095 1302 1295
104 108 101 1127 1174 4095 4095 4095 1299 1298
90 113 108 130 1784 1306 4095 4095 4095 1407
105 99 104 103 106 1309 4095 4095 4095 4095
103 108 207 107 1513 4095 4095 1320 4095 1413
105 131 101 109 2049 4095 1326 4095 4095 1408
102 107 101 1001 632 4095 4095 4095 1300 4095
103 133 232 154 1324 1302 4095 1339 4095 1491
92 114 179 127 1615 1306 4095 1342 4095 1432
91 112 204 110 1440 4095 1326 4095 1411 1414
101 134 100 108 1164 4095 1325 4095 4095 1410
93 111 101 118 1122 1305 4095 4095 4095 1437
99 119 109 986 1178 4095 4095 4095 1299 1306
92 113 168 126 1320 1304 4095 1344 4095 1432
103 139 102 107 1624 4095 1326 4095 4095 1459
100 127 99 108 138 4095 1326 4095 4095 4095
105 110 252 114 2457 4095 4095 1319 4095 1418
97 118 109 1298 1121 4095 4095 1320 4095 1465
102 140 104 116 1099 4095 1325 4095 4095 1451
84 111 265 109 2728 1308 4095 1331 4095 1427
104 179 228 2047 1046 1309 1334 1329 1429 1695
93 111 102 189 1187 1303 4095 4095 1421 1416
93 116 110 127 1327 1308 4095 4095 4095 1449
115 143 111 1562 1492 4095 1325 4095 1389 1387
98 106 253 104 184 4095 4095 1321 4095 4095
107 109 104 104 105 1306 4095 4095 4095 1449
102 136 101 113 1124 4095 1325 4095 4095 1462
108 147 114 1323 403 4095 1324 4095 1398 4095
102 107 225 116 880 1310 4095 1333 4095 1432
95 109 99 691 738 4095 4095 4095 1299 1472
107 110 103 1424 1635 1302 4095 4095 1416 1432
92 112 103 120 1248 1309 4095 4095 4095 1425
99 132 105 115 394 4095 1325 4095 4095 4095
97 114 107 125 939 1303 4095 4095 4095 1446
94 114 106 108 1308 1303 4095 4095 4095 1428
102 139 100 110 924 4095 1327 4095 4095 1429
101 107 101 913 760 4095 1326 4095 4095 1389
98 115 108 125 828 1304 4095 4095 4095 1465
94 114 190 126 950 1302 4095 1343 4095 1471
104 155 102 105 1432 4095 4095 1320 4095 1423
108 110 101 1547 2380 4095 4095 4095 1300 1294
105 118 212 126 984 1306 4095 1324 4095 1421
93 114 108 127 1420 1307 4095 4095 4095 1416
106 121 112 1161 159 4095 4095 4095 1300 4095
103 108 329 103 1419 4095 4095 1321 4095 1410
105 250 102 111 1565 1305 4095 4095 4095 1414
95 112 103 123 921 1306 4095 4095 4095 1445
102 132 103 115 1145 4095 1325 4095 4095 1439
104 119 108 1015 942 1304 4095 4095 1409 1497
111 142 181 420 1617 1308 1357 1334 1423 1544
90 111 102 114 1680 1303 4095 4095 1424 1431
91 112 249 121 1363 1305 4095 1321 4095 1443
99 125 104 169 192 4095 4095 4095 1300 4095
103 108 188 116 1481 4095 4095 1321 4095 1416
95 113 207 106 1059 1308 4095 1332 4095 1437
94 112 103 113 1164 4095 4095 4095 1301 1438
104 125 102 1198 896 4095 1326 4095 1406 1414
108 122 111 1009 2250 4095 4095 4095 1299 1315
107 121 114 2938 174 4095 4095 4095 1302 4095
99 106 171 104 194 4095 4095 1322 4095 4095
105 136 101 109 1715 1308 4095 4095 4095 4095
109 141 105 1515 2605 4095 1325 4095 1404 1437
101 129 119 144 2189 1303 4095 4095 4095 1418
104 109 363 116 1182 4095 4095 1320 4095 1545
109 142 104 883 1209 1303 4095 4095 1425 1449
93 112 103 114 1494 1310 4095 4095 4095 1416
98 106 100 160 89 4095 4095 4095 1299 4095
81 143 107 125 3121 4095 1326 4095 4095 1411
75 161 104 121 4095 1308 1332 4095 4095 1417
104 108 237 104 1527 4095 4095 1321 4095 1533
99 106 101 459 166 4095 4095 4095 1299 4095
103 129 102 822 920 1307 1328 4095 1408 1500
105 133 105 116 2213 4095 1325 4095 4095 1400
106 110 129 117 2084 1309 4095 1329 4095 1494
93 112 101 106 1483 1310 4095 4095 4095 1438
105 135 101 814 1532 4095 1325 4095 1414 1457
86 110 101 123 3225 1308 4095 4095 4095 1432
96 114 108 124 750 1305 4095 4095 4095 1454
104 155 104 115 1778 4095 1326 4095 4095 1438
104 119 101 1195 1690 4095 4095 4095 1300 1317
90 111 103 113 2047 1303 4095 4095 4095 1427
100 105 100 114 76 1308 4095 4095 4095 4095
104 138 182 1435 729 1306 4095 4095 4095 1448
105 133 104 116 1647 4095 1327 4095 4095 1414
102 109 102 1158 1120 4095 4095 4095 1302 1362
108 108 111 112 105 1306 4095 4095 4095 1427
97 112 103 124 1284 1304 4095 4095 4095 1477
96 115 124 124 780 1309 4095 4095 4095 4095
99 106 349 114 148 4095 4095 1320 4095 4095
98 114 101 106 1175 1301 4095 4095 4095 1453
95 183 104 114 1087 1313 1328 4095 4095 1464
102 128 100 116 1107 4095 1325 4095 4095 1451
92 143 108 123 1294 1306 1340 4095 4095 1441
95 113 106 120 978 1301 4095 4095 4095 1534
105 119 101 1885 391 4095 4095 4095 1299 4095
106 136 101 109 1389 4095 1326 4095 4095 1420
93 113 102 126 1139 1302 4095 4095 4095 1426
101 107 105 1022 490 1304 4095 4095 4095 1418
101 128 103 330 541 4095 1326 4095 1407 4095
104 141 100 105 1752 4095 1326 4095 4095 1429
98 112 145 114 603 1306 4095 1356 4095 1469
95 114 149 124 903 1308 4095 1342 4095 1434
95 124 101 111 193 4095 1325 4095 1405 4095
99 128 102 112 332 4095 1326 4095 4095 4095
