769 107 101 115 831 1307 4095 4095 4095 1483
208 143 99 117 72 4095 1325 4095 4095 4095
200 107 100 721 1453 4095 4095 1322 4095 4095
190 143 104 114 2046 4095 1327 4095 4095 1420
191 108 98 1218 138 1309 4095 1335 4095 1446
817 105 100 108 158 1307 4095 4095 4095 4095
668 106 102 115 1056 1310 4095 4095 4095 1425
1084 106 104 115 143 1307 4095 4095 4095 4095
179 133 104 114 912 4095 1327 4095 4095 1429
677 105 98 103 134 1307 4095 4095 4095 4095
177 107 127 108 477 4095 4095 1321 4095 4095
202 106 152 114 73 1308 4095 4095 1424 1425
296 121 186 1111 2510 4095 1327 4095 4095 4095
530 107 103 114 142 1307 4095 4095 4095 4095
946 104 99 105 142 1308 4095 4095 4095 4095
941 104 101 108 151 1307 4095 4095 4095 4095
205 107 140 113 970 4095 1326 4095 4095 1428
311 107 104 114 134 1308 4095 4095 4095 4095
251 119 222 124 490 4095 4095 1320 4095 4095
894 126 101 1081 788 1308 4095 4095 1421 4095
181 132 100 107 1794 4095 1326 4095 4095 1389
200 142 99 114 81 4095 1326 4095 4095 4095
704 108 105 116 1095 1308 4095 4095 4095 1511
1270 107 105 116 791 1307 4095 4095 4095 1456
194 138 99 103 162 4095 1326 4095 4095 4095
848 105 101 110 164 1308 4095 4095 4095 4095
200 106 114 114 87 4095 1327 4095 4095 1444
768 107 104 116 135 1309 4095 4095 4095 4095
185 136 104 114 1858 4095 1327 4095 4095 1412
198 133 101 813 1333 4095 1325 4095 1415 1410
729 105 101 109 161 1308 4095 4095 4095 4095
201 109 100 975 1148 4095 4095 4095 1299 1328
381 106 104 115 134 1307 4095 1335 4095 1441
822 107 104 116 127 1307 4095 4095 4095 4095
200 173 102 103 997 4095 1326 4095 4095 1441
820 102 98 107 185 1308 4095 4095 4095 4095
411 105 99 113 95 4095 1327 4095 4095 4095
577 107 105 114 136 1307 4095 4095 4095 4095
629 108 193 116 1540 1312 4095 1320 4095 1443
778 108 102 104 1667 1307 4095 4095 4095 1422
737 111 102 823 1433 1306 4095 4095 1427 1423
1023 117 105 125 842 1307 4095 4095 4095 1440
283 139 109 2120 956 4095 1327 4095 1391 4095
3174 105 218 120 876 1306 4095 1340 4095 1453
526 106 100 103 198 1307 4095 4095 4095 4095
276 141 104 1538 1128 4095 4095 4095 1301 1313
199 137 100 114 94 4095 1328 4095 4095 4095
207 107 364 115 140 4095 4095 1321 4095 4095
191 128 103 114 1385 4095 1328 4095 4095 1421
181 131 101 104 288 4095 1327 4095 4095 4095
771 105 99 109 161 1308 4095 4095 4095 4095
619 106 100 113 85 1307 4095 4095 4095 4095
311 123 114 1544 1051 4095 4095 4095 1299 1339
872 110 105 119 2215 1309 4095 4095 4095 1428
314 124 111 1171 332 4095 4095 4095 1299 4095
729 148 102 1055 1139 1314 1326 4095 1410 1424
2038 125 108 134 73 1307 4095 4095 4095 4095
295 143 112 1129 1410 4095 4095 4095 1299 1297
188 198 104 114 1796 4095 1327 4095 4095 1453
648 107 102 106 1358 1307 4095 4095 4095 1415
1058 106 189 110 939 1307 4095 1338 4095 1458
194 147 100 112 94 4095 1327 4095 4095 4095
2592 107 107 119 1064 1308 4095 4095 4095 1451
481 107 103 116 138 1307 4095 4095 4095 4095
1103 107 102 106 1058 1307 4095 4095 4095 1446
179 137 101 110 1666 4095 1327 4095 4095 1524
617 107 101 112 1405 1312 4095 4095 4095 1430
770 109 106 116 1851 1307 4095 4095 4095 1422
376 131 119 1013 1464 1306 4095 1360 1421 1423
187 136 102 882 1381 1308 4095 4095 4095 1396
451 107 101 108 1932 1307 4095 4095 4095 1453
194 132 105 121 110 4095 1326 4095 4095 4095
890 108 152 118 1119 4095 4095 4095 1300 4014
742 106 104 117 113 1311 4095 4095 4095 4095
3130 106 105 109 1663 1307 4095 4095 4095 1416
1028 106 236 110 532 1320 4095 1323 4095 4095
201 109 161 1052 1149 4095 4095 1321 1394 1405
204 109 261 116 1112 4095 4095 1319 4095 1424
192 125 103 115 127 4095 1327 4095 4095 4095
177 107 200 104 870 4095 4095 1321 4095 1417
726 127 155 1100 638 4095 1326 4095 4095 1437
1113 116 173 123 1096 1309 4095 1326 4095 1433
1072 107 106 120 140 1306 4095 4095 4095 4095
718 150 107 1111 2300 1308 1335 4095 1418 1413
793 106 102 105 195 1307 4095 4095 4095 4095
687 106 100 110 145 1306 4095 4095 4095 4095
196 154 100 111 675 4095 1327 4095 4095 1493
896 106 105 118 118 1308 4095 4095 4095 4095
752 106 103 116 118 1307 4095 4095 4095 4095
183 106 101 482 197 4095 4095 4095 1299 4095
810 105 100 109 141 1307 4095 4095 4095 4095
194 107 100 1691 99 4095 4095 4095 1300 4095
216 133 106 117 1928 4095 1326 4095 4095 402
1112 105 104 117 116 1309 4095 4095 4095 4095
1159 105 103 106 196 1307 4095 4095 4095 4095
455 106 100 108 128 1308 4095 4095 4095 4095
199 106 133 111 152 4095 4095 1321 4095 4095
979 108 277 119 1006 1308 4095 1332 4095 1562
599 106 104 116 111 1307 4095 4095 4095 4095
505 107 102 104 201 1307 4095 4095 4095 4095
193 148 102 109 2497 4095 1326 4095 4095 1409
341 105 99 111 103 1308 4095 4095 4095 4095
1162 107 104 118 129 1306 4095 4095 4095 4095
314 106 104 116 113 1308 4095 4095 4095 4095
1000 106 104 108 1162 1306 4095 4095 4095 1457
631 130 101 802 2101 1309 1329 4095 1418 1425
669 106 101 112 1159 1307 4095 4095 4095 1499
198 108 164 118 132 4095 4095 1322 4095 4095
765 107 103 117 112 1308 4095 4095 4095 4095
671 113 104 907 1764 1307 4095 4095 1416 1427
811 107 100 109 138 1307 4095 4095 4095 4095
181 160 102 111 1386 4095 1327 4095 4095 1442
206 133 105 117 137 4095 1326 4095 4095 4095
194 107 191 116 1127 4095 4095 1321 4095 1428
1477 104 103 108 618 1307 4095 4095 4095 1463
482 106 100 108 141 1307 4095 4095 4095 4095
198 108 102 941 1564 4095 4095 4095 1299 1303
868 106 104 119 127 1307 4095 4095 4095 4095
358 107 103 116 112 1307 4095 4095 4095 4095
288 123 223 118 983 4095 4095 1320 4095 1421
639 107 100 110 798 1308 4095 4095 4095 2353
888 106 101 112 922 1309 4095 4095 4095 1436
204 128 101 115 599 4095 1326 4095 4095 4095
300 155 108 1301 1441 4095 1326 4095 1418 1421
182 107 102 1398 197 4095 4095 4095 1300 4095
780 106 101 108 725 1308 4095 4095 4095 1452
1804 110 103 114 1188 1308 4095 4095 4095 1431
728 110 148 1537 1186 1307 4095 1339 1416 1429
318 122 110 974 1364 4095 4095 4095 1299 1314
183 140 104 108 1613 4095 1327 4095 4095 1443
814 105 99 108 134 1308 4095 4095 4095 4095
186 131 101 111 1292 4095 1325 4095 4095 1415
292 144 109 1478 1091 4095 1326 4095 1400 1452
520 106 102 116 106 1308 4095 4095 4095 4095
170 125 102 108 727 4095 1327 4095 4095 417
196 137 99 107 150 4095 1326 4095 4095 4095
698 107 168 106 1822 4095 1326 4095 4095 4095
205 137 103 539 1532 4095 1326 4095 1397 1397
873 106 103 115 101 1308 4095 4095 4095 4095
183 155 103 106 1036 4095 1326 4095 4095 1440
827 106 100 110 132 1307 4095 4095 4095 4095
181 135 103 114 125 4095 1327 4095 4095 4095
715 108 104 120 1030 1316 4095 4095 4095 1598
849 108 104 116 1301 1307 4095 4095 4095 1427
877 106 102 108 626 1307 4095 4095 4095 4095
193 106 147 107 556 1306 4095 4095 4095 4095
843 115 211 118 1219 1306 4095 1345 4095 1430
201 109 104 962 859 4095 4095 4095 1300 4095
208 108 343 115 1606 4095 4095 1320 4095 1414
1296 106 104 109 1013 1309 4095 4095 4095 1462
741 106 99 108 122 1307 4095 4095 4095 4095
256 117 104 1845 722 4095 4095 4095 1300 760
206 130 103 119 108 4095 1326 4095 4095 4095
419 107 102 114 113 1307 4095 4095 4095 4095
2088 136 118 134 2157 1307 4095 4095 1413 1444
193 135 99 108 136 4095 1326 4095 4095 4095
180 130 102 110 1896 4095 1326 4095 4095 1410
304 144 107 951 1683 4095 1326 4095 1391 1378
525 106 102 116 107 1307 4095 4095 4095 4095
177 108 102 632 939 4095 4095 4095 1299 1575
1412 118 100 111 1150 1307 4095 4095 4095 1418
182 138 101 109 130 4095 1328 4095 4095 4095
947 176 201 120 1963 1309 1329 1337 4095 1421
760 121 105 2101 938 1308 4095 4095 4095 4095
238 118 106 686 892 4095 4095 4095 1299 1302
1205 107 100 109 1420 1308 4095 4095 4095 1472
1177 116 286 118 1300 1307 4095 1331 4095 1449
972 107 104 120 112 1306 4095 4095 4095 4095
764 108 104 115 1565 1307 4095 4095 4095 1415
262 119 298 116 1885 4095 4095 1320 4095 1449
1899 107 101 110 1136 1307 4095 4095 4095 1426
791 107 104 114 2735 1307 4095 4095 4095 1413
300 120 170 958 1108 4095 4095 1319 1398 1399
1335 108 105 117 2027 1307 4095 4095 4095 1431
939 106 102 110 193 1306 4095 4095 4095 4095
975 106 99 108 132 1306 4095 4095 4095 4095
181 128 101 426 991 4095 1325 4095 1397 1424
276 124 108 1254 622 4095 4095 4095 1299 1329
953 144 189 117 2674 1310 1331 1326 4095 1412
185 110 103 928 2003 4095 4095 4095 1299 1301
200 134 99 108 136 4095 1326 4095 4095 4095
175 128 102 109 133 4095 1326 4095 4095 4095
644 126 205 119 816 1306 4095 1328 4095 1431
208 132 104 114 1370 4095 1329 4095 4095 1420
1441 119 171 112 1580 1306 4095 1351 4095 1430
186 154 98 106 141 4095 1325 4095 4095 4095
557 106 101 109 127 1308 4095 4095 4095 4095
593 109 132 118 1738 1307 4095 1375 4095 1262
211 128 103 114 110 4095 1326 4095 4095 4095
1624 109 105 112 2739 4095 1326 4095 4095 4095
186 116 104 108 2271 4095 4095 4095 4095 1526
181 107 140 109 293 4095 4095 1321 4095 4095
201 109 99 1080 1056 4095 4095 4095 1300 4095
521 104 101 109 135 1308 4095 4095 4095 4095
895 109 104 120 1405 1308 4095 4095 4095 1417
210 107 141 114 368 4095 4095 1322 4095 4095
185 109 103 924 832 4095 4095 4095 1300 1327
194 129 100 1133 1213 4095 4095 4095 1300 1363
653 105 101 110 139 1308 4095 4095 4095 4095
515 108 101 118 68 1307 4095 4095 4095 4095
622 109 105 114 1557 1308 4095 4095 4095 4095
272 122 109 1714 1469 4095 1327 4095 4095 4095
756 109 100 107 1591 1307 4095 4095 4095 1417
876 106 101 109 136 4095 1326 4095 4095 1402
310 119 104 1076 479 4095 4095 4095 1300 1337
204 133 105 114 1470 4095 1327 4095 4095 1418
346 106 103 111 172 4095 4095 1320 4095 1431
190 141 99 105 141 4095 4095 1321 4095 1416
180 107 218 109 1589 4095 4095 1319 4095 1436
757 106 102 119 63 1307 4095 4095 4095 4095
661 110 161 856 1772 1307 4095 1324 1420 1520
858 108 138 111 886 1306 4095 1368 4095 1447
512 106 98 107 129 1307 4095 4095 4095 4095
182 107 102 1142 1095 4095 4095 4095 1300 1328
210 109 102 952 1395 4095 4095 4095 1299 1314
209 110 104 956 825 4095 4095 4095 1300 1315
750 107 104 111 1289 4095 1326 4095 4095 1429
716 127 101 908 1622 1307 1349 4095 1417 1424
656 104 102 109 142 1307 4095 4095 4095 4095
209 136 102 117 1648 4095 1327 4095 4095 1438
213 108 102 1469 131 4095 1326 4095 4095 1433
178 212 102 109 1196 4095 1326 4095 4095 1425
338 176 101 1549 760 4095 1325 4095 1420 4095
1311 114 108 119 192 1309 4095 4095 4095 4095
314 120 104 1127 700 4095 4095 4095 1300 4095
960 104 102 115 108 1308 4095 4095 4095 4095
191 149 103 110 905 4095 1326 4095 4095 1445
195 140 99 106 824 4095 1327 4095 4095 1443
182 178 111 109 1114 4095 1327 4095 4095 1453
591 107 100 118 81 1307 4095 4095 4095 4095
838 107 103 114 114 4095 1326 4095 1414 1422
233 150 172 1001 708 4095 1327 1324 1407 4095
193 107 175 106 790 4095 4095 1321 4095 1855
176 138 103 108 2126 4095 1326 4095 4095 1419
1122 120 215 130 2748 1314 4095 1342 4095 1433
838 106 104 115 125 1308 4095 4095 4095 4095
521 107 102 111 167 1308 4095 4095 4095 4095
197 124 98 104 266 4095 4095 4095 4095 4095
179 133 101 107 151 4095 1326 4095 4095 4095
204 149 100 114 81 4095 1326 4095 4095 4095
667 105 103 115 135 1308 4095 4095 4095 4095
996 107 194 114 1089 1307 4095 1326 4095 1459
196 140 101 106 2540 4095 1326 4095 4095 1438
180 127 101 108 159 4095 1326 4095 4095 4095
865 106 100 116 77 1308 4095 4095 4095 4095
1110 118 112 130 172 1307 4095 4095 4095 4095
180 133 103 976 1336 4095 1325 4095 1399 1388
198 110 347 104 2714 0 0 0 0 0
519 105 100 108 162 1307 4095 4095 4095 4095
616 106 101 116 69 1308 4095 4095 4095 4095
198 109 192 114 1286 4095 4095 1321 4095 1435
491 106 102 111 172 1308 4095 4095 4095 4095
2014 105 100 107 132 1308 4095 4095 4095 4095
2320 104 104 111 786 1308 4095 4095 4095 1451
855 126 189 115 643 1307 1355 1335 4095 4095
1117 106 105 116 874 4095 1326 4095 4095 1435
1277 107 209 116 941 4095 1325 4095 4095 1434
324 106 100 105 134 1307 4095 4095 4095 4095
801 116 105 115 216 1307 4095 4095 4095 4095
649 109 102 923 1799 1308 4095 4095 1413 1408
560 107 104 114 134 1307 4095 4095 4095 4095
179 108 204 114 1128 4095 4095 1319 4095 1432
600 114 101 103 1407 1307 4095 4095 4095 1420
178 130 101 108 156 4095 1327 4095 4095 4095
207 138 101 114 1145 4095 1326 4095 4095 1427
684 119 109 1347 961 1307 4095 4095 1407 1461
181 117 106 1416 2113 4095 4095 4095 1298 1416
192 138 100 103 1575 4095 1326 4095 4095 1470
888 106 102 109 1017 1309 4095 4095 4095 1462
1643 116 102 127 64 1307 4095 4095 4095 4095
210 170 113 181 4095 4095 1327 4095 4095 1431
177 109 104 936 1000 4095 4095 4095 1300 1340
195 125 99 103 154 4095 1326 4095 4095 4095
184 130 102 245 1083 4095 1325 4095 1426 1434
622 108 102 909 1102 1308 4095 4095 1408 1439
926 138 188 981 1879 1307 1354 1334 1422 1416
186 133 104 114 717 4095 1325 4095 4095 4095
561 105 99 103 161 1307 4095 4095 4095 4095
269 137 105 983 1473 4095 4095 4095 1300 1297
1012 106 102 115 76 1308 4095 4095 4095 4095
687 105 104 115 139 1308 4095 4095 4095 4095
381 106 103 113 140 1307 4095 4095 4095 4095
826 107 101 104 1499 1307 4095 4095 4095 1407
184 143 102 108 1425 4095 1327 4095 4095 1428
210 150 100 115 92 4095 1326 4095 4095 4095
1443 119 111 128 157 1309 4095 4095 4095 4095
178 109 196 114 1183 4095 4095 1320 4095 1423
278 120 102 1358 1084 4095 4095 4095 1300 1316
177 127 100 108 434 4095 1326 4095 4095 4095
410 107 100 116 70 1308 4095 4095 4095 4095
2486 108 107 119 2042 1307 4095 4095 4095 1444
282 122 158 1142 1379 4095 4095 1321 1389 1385
273 117 102 1086 634 4095 4095 4095 1299 4095
185 126 101 108 303 4095 1327 4095 4095 4095
202 133 100 114 80 4095 1326 4095 4095 4095
204 107 214 115 613 4095 4095 1321 4095 4095
1567 118 180 125 1312 1307 4095 1340 4095 1437
193 135 100 103 269 4095 1327 4095 4095 4095
1090 105 101 110 1056 1308 4095 4095 4095 1450
1622 118 103 125 35 1307 4095 4095 4095 4095
649 107 105 115 134 4095 1326 4095 4095 4095
709 105 104 116 133 1309 4095 4095 4095 4095
952 105 100 104 183 1308 4095 4095 4095 4095
257 185 100 884 4095 4095 1325 4095 1422 1405
356 124 109 1493 288 4095 4095 4095 1300 4095
209 158 105 115 1354 4095 1326 4095 4095 1421
926 118 192 125 1012 1317 4095 1320 4095 1451
301 106 101 843 602 4095 4095 4095 1303 4095
596 108 102 109 1637 1308 4095 4095 4095 1426
205 134 100 114 82 4095 1325 4095 4095 4095
895 107 182 116 742 1311 4095 1340 4095 1502
252 118 241 126 1275 4095 4095 1319 4095 1437
2564 106 103 107 1897 1309 4095 4095 4095 1419
275 118 105 1155 1022 4095 4095 4095 1300 328
211 131 102 113 1589 4095 1327 4095 4095 1461
996 108 106 116 1524 1309 4095 4095 4095 1422
181 107 127 113 822 4095 4095 1320 4095 1370
486 106 101 102 192 1308 4095 4095 4095 4095
184 133 104 113 1044 4095 1327 4095 4095 1449
694 105 99 113 90 1307 4095 4095 4095 4095
657 107 105 116 137 1307 4095 4095 4095 4095
180 128 137 115 812 4095 1327 1333 4095 4095
719 107 101 105 1107 1308 4095 4095 4095 1455
186 133 101 975 1022 4095 1326 4095 1404 1417
677 106 164 114 538 1307 4095 1338 4095 4095
202 143 103 116 136 4095 1326 4095 4095 4095
184 127 103 115 129 4095 1325 4095 4095 4095
192 108 179 104 1303 4095 4095 1320 4095 1414
1263 116 104 115 202 1307 4095 4095 4095 4095
2555 114 104 127 1091 1307 4095 4095 4095 1433
4095 125 101 117 2139 1308 4095 4095 4095 1553
193 111 105 1281 2145 4095 4095 4095 1300 1316
411 106 102 105 200 1308 4095 4095 4095 1435
2251 123 109 124 235 1308 4095 4095 4095 4095
753 105 100 113 83 1307 4095 4095 4095 4095
197 136 104 116 135 4095 1326 4095 4095 4095
771 107 183 117 1155 1306 4095 1342 4095 1579
184 148 102 104 1978 4095 1326 4095 4095 1417
194 110 103 894 2312 4095 4095 4095 1299 1300
1237 105 101 114 90 1307 4095 4095 4095 4095
662 106 104 115 134 1307 4095 4095 4095 4095
355 134 145 1040 168 4095 4095 1322 1406 4095
624 104 102 105 186 1307 4095 4095 4095 4095
338 153 112 1801 1214 4095 1326 4095 1400 1452
201 131 100 959 1443 4095 1341 4095 1433 1518
4095 109 261 123 1458 1306 4095 1342 4095 1432
612 108 128 117 576 1307 4095 4095 4095 4095
183 142 102 105 793 4095 1326 4095 4095 4095
2840 110 105 118 3497 1309 4095 4095 4095 1431
4095 105 103 126 1606 1307 4095 4095 4095 1430
1402 119 110 127 1804 1307 4095 4095 4095 1435
267 177 107 1031 2132 4095 1327 4095 1428 1340
431 107 102 105 199 1308 4095 4095 4095 4095
186 155 100 106 164 4095 1326 4095 4095 4095
549 106 100 112 90 1307 4095 4095 4095 4095
202 175 105 116 1283 4095 1327 4095 4095 1464
685 123 104 115 1602 1307 4095 4095 4095 1445
887 106 103 106 196 1308 4095 4095 4095 4095
281 121 104 2638 231 4095 4095 4095 1300 4095
640 105 102 113 83 1308 4095 4095 4095 4095
1826 116 113 133 666 1307 4095 4095 4095 4095
811 107 103 116 119 1307 4095 4095 4095 4095
1098 105 102 107 190 1307 4095 4095 4095 4095
182 146 100 108 156 4095 1326 4095 4095 4095
203 132 100 113 484 4095 1326 4095 4095 4095
200 135 104 116 472 4095 1326 4095 4095 4095
2560 114 111 134 1472 1308 4095 4095 4095 1430
398 106 102 106 205 1307 4095 4095 4095 4095
527 107 102 111 192 1307 4095 4095 4095 4095
184 135 101 933 808 4095 1325 4095 1417 4095
289 121 486 128 1162 4095 4095 1320 4095 1433
794 150 105 116 2104 1311 1331 4095 4095 1421
180 131 102 106 1690 4095 1326 4095 4095 1411
182 130 99 107 177 1308 1340 1330 4095 4095
197 108 157 886 641 4095 4095 1320 1399 4095
204 138 104 116 864 4095 1327 4095 4095 1409
576 105 103 116 117 1309 4095 4095 4095 4095
1907 106 105 111 4095 1307 4095 4095 4095 1444
699 108 101 110 1523 1307 4095 4095 4095 1441
609 107 101 113 1346 1308 4095 4095 4095 1415
1059 106 105 119 135 1308 4095 4095 4095 4095
192 139 103 116 1050 4095 1326 4095 4095 1413
237 130 104 966 307 4095 4095 4095 1301 4095
194 142 101 108 1260 4095 1325 4095 4095 1435
273 117 103 889 1240 4095 4095 4095 1300 1342
1130 107 106 118 132 1307 4095 4095 4095 4095
189 135 102 881 1394 4095 1326 4095 1410 1412
261 119 106 1582 1629 4095 4095 4095 1299 1301
184 108 222 108 143 4095 4095 1321 4095 4095
826 109 103 120 2634 1309 4095 4095 4095 1418
201 110 274 116 1515 4095 4095 1320 4095 1561
179 125 103 115 388 4095 1326 4095 4095 4095
762 106 102 107 206 1311 4095 4095 4095 4095
252 115 101 1521 660 4095 4095 4095 1300 1350
192 138 100 112 114 4095 1327 4095 4095 4095
462 106 105 115 134 1308 4095 4095 4095 4095
1002 119 191 127 763 1306 4095 1334 4095 4095
184 137 101 107 194 4095 1326 4095 4095 4095
189 107 303 108 675 1308 4095 4095 4095 4095
193 143 101 110 122 4095 1326 4095 4095 4095
210 109 104 292 672 4095 4095 4095 1299 4095
202 110 270 115 1693 4095 4095 1320 4095 1415
180 131 104 1004 2077 4095 1324 4095 1413 1432
4095 117 97 109 916 1309 4095 4095 4095 4095
187 140 102 110 1523 4095 1327 4095 4095 1428
211 109 219 116 849 4095 4095 1320 4095 1421
195 146 106 116 3110 4095 1326 4095 4095 1417
182 109 225 107 1681 4095 4095 1323 4095 1428
200 107 220 105 1176 4095 4095 1321 4095 1413
185 131 100 110 353 1309 4095 4095 4095 1519
583 107 104 119 122 1307 4095 4095 4095 4095
1262 118 111 134 119 1307 4095 4095 4095 4095
180 108 102 883 1157 4095 4095 4095 1299 1319
197 133 99 109 140 4095 1326 4095 4095 4095
192 127 101 111 875 4095 1326 4095 4095 1438
823 133 106 1008 1273 1309 1335 4095 4095 4095
199 135 103 115 500 4095 1326 4095 4095 4095
1035 105 102 110 1305 1308 4095 4095 4095 2963
968 107 101 110 1037 1307 4095 4095 4095 1468
181 155 101 111 121 4095 1329 4095 4095 4095
201 128 104 232 2164 4095 4095 4095 1299 1288
201 109 269 115 1204 4095 4095 1321 4095 1426
193 178 107 114 4095 4095 1326 4095 4095 1411
1349 117 100 112 1503 1307 4095 4095 4095 1551
187 139 101 111 110 4095 1326 4095 4095 4095
781 108 103 119 119 1308 4095 4095 4095 4095
885 107 104 116 1168 1307 4095 4095 4095 1437
613 107 102 690 824 1306 4095 4095 1428 1455
201 133 99 109 130 4095 1327 4095 4095 4095
253 138 105 1689 3786 4095 4095 4095 1299 1371
608 108 104 119 120 1309 4095 4095 4095 4095
206 108 103 955 1084 4095 4095 4095 1299 1326
187 138 103 108 3142 4095 1326 4095 4095 1416
1158 109 101 110 1857 1308 4095 4095 4095 1425
192 106 204 109 544 4095 4095 1319 4095 1468
199 135 104 119 124 4095 1326 4095 4095 4095
758 106 102 116 106 1307 4095 4095 4095 4095
271 161 107 991 2917 4095 1326 4095 1420 1425
277 118 100 935 650 4095 4095 4095 1299 1314
796 104 102 112 114 1307 4095 4095 4095 4095
204 133 104 119 1888 4095 1327 4095 4095 1415
207 109 104 917 1100 4095 4095 4095 1300 1347
589 105 101 109 192 1307 4095 4095 4095 4095
680 108 115 108 1245 1306 4095 1353 4095 1404
183 157 103 110 1831 4095 1326 4095 4095 1434
740 108 103 119 573 1309 4095 4095 4095 1459
208 109 138 115 948 4095 4095 1320 4095 1434
1149 106 103 108 188 1307 4095 4095 4095 4095
341 132 103 2108 291 4095 4095 4095 1300 4095
184 126 101 110 473 4095 1327 4095 4095 4095
768 109 103 119 1348 1308 4095 4095 4095 1439
207 109 132 114 1470 4095 4095 1322 4095 1357
569 106 102 108 185 1308 4095 4095 4095 4095
762 108 100 109 1556 1307 4095 4095 4095 1434
559 107 102 110 1675 1307 4095 4095 4095 1418
1101 106 104 120 99 1308 4095 4095 4095 4095
202 108 345 114 111 4095 4095 1322 4095 4095
841 107 104 905 1177 1308 4095 4095 1418 1415
197 159 99 108 1702 4095 1326 4095 4095 1434
1016 104 102 110 123 1307 4095 4095 4095 4095
295 139 108 1310 104 4095 1326 4095 1388 4095
200 136 103 849 841 4095 1325 4095 1395 1424
428 107 102 109 182 1307 4095 4095 4095 4095
1329 106 100 108 1205 1306 4095 4095 4095 1448
362 105 101 110 128 1307 4095 4095 4095 4095
211 109 102 300 780 4095 4095 4095 1300 1356
1125 119 108 127 128 1310 4095 4095 4095 4095
627 106 102 110 184 1307 4095 4095 4095 4095
194 135 99 106 924 4095 1327 4095 4095 1469
1028 104 102 111 137 1308 4095 4095 4095 4095
739 107 103 120 98 1308 4095 4095 4095 4095
202 123 103 876 1095 4095 1328 4095 1422 1429
772 105 102 110 174 1308 4095 4095 4095 4095
203 129 98 107 857 4095 1326 4095 4095 1458
865 105 102 110 126 1308 4095 4095 4095 4095
209 142 102 118 1245 4095 1326 4095 4095 4095
853 106 102 115 106 1308 4095 4095 4095 4095
181 106 297 109 188 1307 4095 4095 4095 1428
108 109 110 111 106 4095 1324 4095 1389 1583
181 106 102 248 428 4095 4095 4095 1299 4095
728 132 162 662 836 1308 1363 1341 1423 1427
213 109 103 847 549 4095 4095 4095 1299 1345
503 106 101 110 189 1310 4095 4095 4095 4095
201 129 100 1012 1114 4095 1353 4095 1577 1520
572 107 151 109 1339 1306 4095 1350 4095 1420
654 108 101 118 46 1307 4095 4095 4095 4095
737 107 104 115 907 1307 4095 4095 4095 1458
695 106 103 110 867 1307 4095 4095 4095 1494
1507 108 101 109 1995 1309 4095 4095 4095 1555
778 107 131 110 1510 4095 4095 1320 4095 1424
212 108 450 118 949 4095 4095 1320 4095 1430
789 118 108 126 125 1307 4095 4095 4095 4095
184 145 101 109 1016 4095 1327 4095 4095 1459
732 105 99 105 135 1309 4095 4095 4095 4095
651 104 101 109 130 4095 1325 4095 1410 1441
1070 107 104 119 722 1307 4095 4095 4095 1464
211 133 103 115 1068 4095 1327 4095 4095 1448
179 134 102 109 184 4095 1325 4095 4095 4095
200 130 100 105 1102 4095 1326 4095 4095 1434
176 132 102 109 1758 4095 1326 4095 4095 1408
753 128 167 336 929 4095 4095 1320 1404 1402
205 109 103 1127 656 4095 4095 4095 1299 1354
183 140 102 112 172 4095 1326 4095 4095 4095
667 106 117 107 173 1307 4095 4095 4095 4095
859 104 101 110 145 4095 4095 1320 4095 1430
213 108 102 1239 98 4095 4095 4095 1299 4095
711 106 103 115 111 1306 4095 4095 4095 4095
689 108 103 110 1754 1307 4095 4095 4095 1419
1073 107 100 107 1337 1307 4095 4095 4095 1442
714 150 104 1166 2601 1310 1328 4095 1413 1416
466 106 100 117 69 1308 4095 4095 4095 4095
1728 119 200 124 1043 1307 4095 1336 4095 1441
1382 106 224 112 969 1307 4095 1340 4095 1470
812 180 150 110 4095 1311 1329 1341 4095 1411
936 104 103 109 138 1307 4095 4095 4095 4095
289 119 103 1695 629 4095 4095 4095 1304 4095
793 107 104 115 123 1308 4095 4095 4095 4095
190 149 102 963 815 4095 1326 4095 4095 4095
1161 106 99 106 135 1307 4095 4095 4095 4095
647 105 102 108 147 1308 4095 4095 4095 4095
637 140 102 117 1847 1308 1337 4095 4095 1495
859 132 105 931 1442 1310 1333 4095 1415 1480
291 106 101 111 171 1308 4095 4095 4095 4095
818 105 99 105 134 1307 4095 4095 4095 4095
176 128 101 108 150 4095 1326 4095 4095 4095
214 139 99 116 83 4095 1326 4095 4095 4095
807 109 104 114 1304 1307 4095 4095 4095 1418
191 136 103 249 1725 4095 1325 4095 1437 1400
279 140 100 1064 1364 4095 1325 4095 1411 1417
518 105 102 108 148 1308 4095 4095 4095 4095
205 127 101 117 1058 1307 4095 4095 4095 4095
209 140 103 113 304 4095 1328 4095 4095 4095
1080 135 179 113 1058 1310 1341 1337 4095 1446
282 146 100 568 1405 4095 1324 4095 1417 1412
174 137 101 109 161 4095 1325 4095 4095 4095
650 109 102 842 985 1307 1347 4095 1423 1450
208 110 104 1009 1907 4095 1326 4095 4095 1652
563 106 102 112 175 1309 4095 4095 4095 4095
197 137 100 103 2233 4095 1327 4095 4095 1407
646 106 188 110 800 1306 4095 1337 4095 4095
209 135 102 115 1413 1307 1345 4095 1426 4095
498 107 104 114 127 1308 4095 4095 4095 4095
631 106 102 112 173 1306 4095 4095 4095 4095
190 134 99 103 1197 4095 1327 4095 4095 1439
703 105 102 107 152 1309 4095 4095 4095 4095
205 109 102 1214 586 4095 4095 4095 1299 4095
359 106 103 113 139 1308 4095 4095 4095 4095
490 106 101 112 153 1307 4095 4095 4095 4095
926 105 193 105 312 1307 4095 1336 4095 4095
188 142 102 109 1658 4095 1326 4095 4095 1448
736 107 102 116 1444 1308 4095 4095 1416 1432
286 119 108 1348 578 4095 4095 4095 1299 4095
177 129 104 957 1182 4095 1327 4095 1399 1491
193 127 98 103 243 4095 1326 4095 4095 4095
179 108 227 106 1390 4095 4095 1321 4095 1425
526 106 100 115 75 1308 4095 4095 4095 4095
205 129 104 114 731 4095 1327 4095 4095 4095
650 106 102 113 1010 1308 4095 4095 4095 1439
1138 108 102 106 1654 1306 4095 4095 4095 1431
186 107 102 771 1174 4095 4095 4095 1300 1323
1027 107 102 117 1381 4095 1330 4095 4095 1453
204 130 104 114 1685 4095 1326 4095 4095 1411
1149 106 199 114 1178 1307 4095 1329 4095 1428
193 140 99 104 138 4095 1327 4095 4095 4095
185 106 101 906 760 4095 4095 4095 1299 1388
301 135 101 2227 895 4095 1325 4095 1383 1397
206 134 105 115 940 4095 1325 4095 4095 1472
665 106 103 114 142 1312 4095 4095 4095 4095
914 134 102 906 2229 1308 1333 4095 1426 1416
181 109 101 779 1614 4095 4095 4095 1299 1303
208 145 103 116 3685 4095 1327 4095 4095 1399
197 111 103 792 1568 4095 4095 4095 1301 1289
783 108 104 116 1549 4095 1326 4095 4095 4095
198 112 103 831 3759 4095 4095 4095 1300 1285
1069 104 101 110 158 1308 4095 4095 4095 4095
305 106 99 115 77 1307 4095 4095 4095 4095
845 120 113 132 181 1307 4095 4095 4095 4095
258 161 109 1496 1008 4095 1326 4095 1411 1616
1644 104 100 106 172 1308 4095 4095 4095 4095
843 105 101 108 158 1307 4095 4095 4095 4095
203 139 101 114 896 4095 1326 4095 4095 1452
1746 114 106 189 982 1309 4095 4095 1452 1445
764 105 103 114 138 1308 4095 4095 4095 4095
744 110 102 996 2229 1307 4095 4095 1420 1417
596 105 100 108 155 1308 4095 4095 4095 4095
214 154 102 115 1597 4095 1326 4095 4095 1439
207 117 104 871 417 4095 4095 4095 1299 4095
663 109 104 116 1711 4095 4095 4095 1300 1304
290 119 103 1367 359 4095 4095 4095 1300 4095
832 105 101 109 293 4095 1327 4095 4095 4095
196 154 99 114 75 4095 1326 4095 4095 1414
211 151 105 1031 2297 4095 1325 4095 1417 1415
181 134 103 115 280 4095 1326 4095 4095 4095
742 106 99 104 165 1307 4095 4095 4095 4095
182 134 101 108 1003 4095 1326 4095 4095 1431
560 106 101 114 80 1308 4095 4095 4095 4095
230 109 260 115 1667 4095 4095 1320 4095 1435
719 106 138 114 822 1307 4095 1340 4095 1480
201 133 100 103 176 4095 1329 4095 4095 4095
1245 107 103 109 1044 1308 4095 4095 4095 4095
328 122 106 1315 226 1308 4095 4095 4095 4095
197 147 103 115 135 4095 1326 4095 4095 4095
1010 107 104 115 1148 1307 4095 4095 4095 1428
198 128 100 103 171 4095 1326 4095 4095 4095
1184 106 179 110 914 1308 4095 4095 4095 1419
804 105 100 115 73 4095 1325 4095 4095 1423
202 138 103 114 133 4095 1326 4095 4095 4095
190 110 237 115 2242 4095 1326 4095 4095 4095
992 105 100 104 190 1308 4095 4095 4095 4095
188 109 101 867 1439 4095 4095 4095 1300 1320
550 105 101 114 81 1307 4095 4095 4095 4095
1410 121 160 999 1237 1309 4095 1374 1426 1435
319 107 103 114 133 1309 4095 4095 4095 4095
577 105 100 103 179 1308 4095 4095 4095 4095
304 120 106 1135 1526 4095 1327 4095 4095 1417
741 108 102 1141 1347 1308 4095 4095 1417 1410
209 132 106 791 1246 4095 1329 4095 1402 1401
751 106 103 115 124 1308 4095 4095 4095 4095
189 161 102 103 1579 4095 1331 4095 4095 1458
300 119 107 2249 516 4095 4095 4095 1299 4095
202 104 154 111 99 4095 4095 1320 4095 4095
206 133 103 113 148 4095 1326 4095 4095 4095
821 108 104 116 1749 1307 4095 4095 4095 1416
775 137 152 898 1201 1307 1336 1341 1418 1424
637 106 101 109 154 1307 4095 4095 4095 4095
715 105 101 114 83 1307 4095 4095 4095 4095
201 135 104 114 1045 1307 4095 4095 4095 1433
186 108 103 989 696 4095 4095 4095 1300 4095
184 141 102 103 1364 4095 1327 4095 4095 1406
245 146 102 1599 1207 4095 1325 4095 1401 1419
281 120 103 949 1710 4095 4095 4095 1299 1405
207 110 105 818 2130 4095 4095 4095 1299 1286
186 109 104 1280 504 4095 4095 4095 1299 4095
1030 118 221 105 963 1308 4095 1328 4095 1433
192 108 274 108 1472 4095 4095 1319 4095 1427
200 107 223 113 929 1309 4095 4095 4095 4095
205 137 105 115 141 4095 1327 4095 4095 4095
1266 106 105 116 960 1309 4095 4095 4095 1468
193 134 100 102 195 4095 1327 4095 4095 4095
210 109 101 1508 124 4095 4095 4095 1299 4095
802 119 108 139 62 1308 4095 4095 4095 4095
1157 106 105 117 132 1308 4095 4095 4095 4095
469 106 104 115 128 4095 4095 4095 1299 1321
196 109 101 370 1915 4095 4095 4095 1299 1288
689 107 101 110 1373 1308 4095 4095 4095 1440
288 136 102 1659 265 4095 4095 4095 1302 4095
202 109 241 117 693 4095 4095 1320 4095 1486
596 107 104 116 130 1308 4095 4095 4095 4095
165 133 102 104 170 4095 1327 4095 4095 4095
182 108 198 108 1072 4095 4095 1319 4095 1430
771 105 101 114 148 1308 4095 4095 4095 4095
200 136 103 116 145 1308 4095 4095 4095 4095
599 106 104 115 131 1307 4095 4095 4095 4095
904 106 103 106 557 1306 4095 4095 4095 4095
186 145 100 108 155 4095 1326 4095 4095 4095
555 106 101 113 90 1308 4095 4095 4095 4095
193 109 104 1403 90 4095 4095 4095 1299 4095
1326 106 104 117 106 1308 4095 4095 4095 1531
502 108 124 104 1261 1307 4095 1354 4095 1418
190 130 100 108 154 4095 1326 4095 4095 4095
802 106 103 119 97 1308 4095 4095 4095 4095
653 110 105 117 1611 1307 4095 4095 4095 1420
467 108 105 116 1607 1307 4095 4095 4095 1427
1022 106 103 106 1190 1307 4095 4095 4095 1420
1467 120 100 1404 1228 1307 4095 4095 1421 1475
204 132 101 823 1323 4095 1325 4095 1386 1387
810 109 105 116 1361 1308 4095 4095 4095 1431
281 155 112 1589 570 4095 1325 4095 1404 4095
191 128 103 937 896 1307 4095 1333 4095 1446
191 106 207 108 156 4095 4095 1320 4095 4095
1127 127 151 903 1511 1308 1350 1342 1420 1423
1035 108 105 118 953 1307 4095 4095 4095 1450
185 109 103 916 920 4095 4095 4095 1302 1345
504 106 101 105 187 1308 4095 4095 4095 4095
197 160 101 108 1055 4095 1325 4095 4095 1423
689 105 100 113 95 1307 4095 4095 4095 4095
631 109 240 117 1571 1307 4095 1328 4095 1537
2021 107 106 119 1354 1309 4095 4095 4095 1425
699 108 103 106 1921 1307 4095 4095 4095 1423
543 108 152 1053 1285 1307 4095 1328 1410 1425
195 164 100 840 971 4095 1324 4095 1422 1441
203 135 104 116 136 4095 1327 4095 4095 4095
196 131 104 116 1822 1308 4095 1345 4095 1426
257 108 103 105 1657 1307 4095 4095 4095 1474
1138 108 158 108 914 1309 4095 1353 4095 1448
532 106 146 112 910 1307 4095 1334 4095 1419
208 135 105 116 1762 4095 1326 4095 4095 1414
959 107 104 117 133 1308 4095 4095 4095 4095
993 109 104 109 2623 1306 4095 4095 4095 1423
196 108 100 602 1256 4095 4095 4095 1300 1291
658 107 102 113 1326 1307 4095 4095 4095 1450
204 109 106 994 1268 4095 4095 4095 1299 1426
598 106 104 117 119 1307 4095 4095 4095 4095
1398 107 255 107 1341 1306 4095 1331 4095 1441
1555 106 121 110 953 1307 4095 4095 4095 1444
288 116 403 123 108 4095 4095 1321 4095 4095
902 119 111 133 157 1308 4095 4095 4095 4095
908 107 183 116 834 1307 4095 1334 4095 1436
227 106 102 106 195 4095 4095 4095 4095 4095
856 109 101 368 1753 1307 4095 4095 1438 1436
193 107 260 111 658 4095 4095 1320 4095 1428
208 164 104 118 948 4095 1325 4095 4095 1496
191 135 105 116 1498 4095 1326 4095 4095 1426
856 107 104 108 1392 1308 4095 4095 4095 1416
645 107 99 109 135 1307 4095 4095 4095 1545
335 104 101 111 114 1309 4095 4095 4095 4095
707 107 104 119 750 1307 4095 1345 4095 1441
324 140 109 1106 1177 4095 1326 4095 1401 1415
702 105 102 108 198 1308 4095 4095 4095 4095
1105 118 202 114 758 1308 4095 1333 4095 1475
606 106 102 111 1117 1307 4095 4095 4095 1426
209 132 105 884 1445 4095 1327 4095 1416 1420
197 153 104 115 1589 4095 1326 4095 4095 1444
627 106 103 107 739 1307 4095 4095 4095 1448
192 143 100 108 1045 4095 1326 4095 4095 1639
195 108 101 862 1215 4095 4095 4095 1300 1313
206 110 285 121 2816 4095 4095 1319 4095 1433
205 109 103 976 978 4095 4095 4095 1304 1326
2762 107 105 112 1462 1310 4095 4095 4095 1507
1116 118 104 119 173 1306 4095 4095 4095 4095
185 138 101 111 129 4095 1326 4095 4095 4095
846 106 103 118 127 1312 4095 4095 4095 4095
1248 118 109 133 114 1307 4095 4095 4095 4095
956 147 113 1355 1489 1308 1342 4095 1420 1426
200 150 99 109 136 4095 1326 4095 4095 4095
719 106 103 110 1650 1308 4095 4095 4095 1424
205 150 103 118 124 4095 1326 4095 4095 4095
1618 106 103 117 756 1307 4095 4095 4095 1488
187 132 103 108 1140 1307 4095 4095 4095 4095
333 107 99 108 130 1308 4095 4095 4095 4095
1229 107 181 112 1655 1306 4095 1335 4095 1429
292 109 103 120 1503 1313 1327 4095 1424 1439
201 107 102 1067 103 4095 4095 4095 1299 4095
834 108 104 875 847 1307 4095 4095 1419 1439
1356 109 138 110 2536 1306 4095 1352 4095 1295
181 107 188 110 908 1306 4095 1338 1415 1438
212 130 106 973 2355 4095 1325 4095 1408 1399
716 109 104 117 1691 1306 4095 4095 4095 1426
179 138 104 107 1225 4095 1326 4095 4095 1431
691 131 100 109 1300 1310 1340 4095 4095 1531
181 105 129 1071 117 4095 4095 1321 1398 4095
207 154 104 119 1699 1309 4095 4095 4095 4095
491 107 102 115 108 1308 4095 4095 4095 4095
187 150 101 108 191 1307 4095 4095 4095 1455
198 155 99 108 130 4095 1325 4095 4095 4095
173 129 93 94 78 4095 1326 4095 4095 4095
212 112 105 767 3234 4095 4095 4095 1299 1295
1990 107 104 117 1532 1307 4095 4095 4095 1434
463 106 102 107 203 1308 4095 4095 4095 4095
806 105 99 109 130 1307 4095 4095 4095 4095
949 105 299 112 662 1308 4095 1327 4095 1487
2932 122 198 131 1165 1306 4095 1340 4095 1429
713 107 102 115 111 1307 4095 4095 4095 4095
495 108 102 108 508 1308 4095 4095 4095 4095
1759 106 102 110 1110 1308 4095 4095 4095 1465
914 103 101 111 115 1308 4095 4095 4095 4095
761 109 105 119 1517 1307 4095 4095 4095 1410
211 188 104 115 2578 4095 1326 4095 4095 1415
734 118 189 120 1163 1306 4095 1347 4095 1468
278 141 101 940 1665 4095 4095 4095 1299 1416
180 129 101 109 1100 4095 1326 4095 4095 1421
636 109 136 119 1037 1307 4095 1355 4095 1468
789 109 106 116 2181 1307 4095 4095 4095 1417
184 127 103 1020 1091 4095 4095 4095 1300 1313
1516 106 101 109 905 1308 4095 4095 4095 1436
856 130 196 111 937 1307 1354 1337 4095 1479
205 110 103 1220 483 4095 4095 1320 4095 4095
204 139 102 114 109 4095 1326 4095 4095 4095
981 105 102 109 183 1307 4095 4095 4095 4095
660 128 101 913 971 1308 4095 4095 1424 1427
180 107 258 110 1151 4095 4095 1320 4095 1411
637 107 103 119 114 1307 4095 4095 4095 4095
1107 106 103 116 1167 1306 4095 4095 4095 1439
176 107 215 107 922 4095 4095 1320 4095 1578
175 128 99 107 435 4095 1327 4095 4095 4095
848 141 108 122 1244 1309 1336 4095 4095 1429
311 122 108 1097 538 4095 4095 4095 1300 4095
745 106 102 116 104 1309 4095 4095 4095 4095
627 107 103 109 183 1308 4095 4095 4095 4095
203 150 101 107 1767 4095 1326 4095 4095 1432
646 147 102 109 1531 1311 1328 4095 4095 1426
943 110 176 120 1461 1307 4095 1342 4095 1431
204 147 103 113 1726 1307 4095 4095 4095 4095
637 107 101 110 232 1308 4095 4095 4095 4095
1285 110 135 109 2080 1307 4095 1347 4095 1429
529 105 100 110 129 1308 4095 4095 4095 4095
809 129 105 898 2428 1308 4095 4095 1424 1428
206 131 104 937 1259 4095 1326 4095 1398 1406
614 107 101 111 203 1308 4095 4095 4095 4095
387 105 98 107 143 1307 4095 4095 4095 4095
193 108 270 110 397 4095 4095 1320 4095 4095
205 108 279 119 477 4095 4095 1320 4095 4095
448 107 103 114 108 1308 4095 4095 4095 4095
779 106 102 110 181 1308 4095 4095 4095 4095
1149 118 98 109 1375 1307 4095 4095 4095 1437
824 106 102 112 130 1306 4095 4095 4095 4095
206 115 181 116 475 4095 4095 1319 4095 4095
795 107 103 115 999 1307 4095 4095 4095 1424
890 130 103 110 1098 1307 4095 4095 4095 4095
552 106 100 107 142 1308 4095 4095 4095 4095
698 104 102 110 132 1307 4095 4095 4095 4095
656 110 138 1194 1768 1306 4095 1342 1424 1414
303 143 107 1212 797 4095 1328 4095 1391 1417
176 135 101 109 195 4095 1326 4095 4095 4095
3582 106 103 112 1064 1308 4095 4095 4095 1445
304 140 111 1347 1121 4095 4095 4095 1300 1357
206 126 102 118 63 4095 1326 4095 4095 4095
208 128 104 116 1064 4095 1326 4095 4095 4095
182 129 101 109 170 4095 1326 4095 4095 1500
1214 107 245 107 1488 1307 4095 1341 4095 1434
3221 118 102 114 1346 1307 4095 4095 4095 1454
218 129 183 118 944 4095 1336 1320 4095 1426
932 105 103 115 111 1308 4095 4095 4095 4095
185 128 103 887 1260 4095 1326 4095 1400 1533
900 137 186 1067 1228 1307 1369 1330 1418 1448
715 104 100 109 140 1308 4095 4095 4095 4095
1088 105 102 118 71 1308 4095 4095 4095 4095
213 148 105 115 3327 1306 1343 1337 1420 1539
642 107 101 109 174 1308 1337 4095 1422 1429
295 120 224 1026 183 4095 4095 1322 1418 4095
793 104 102 109 132 1308 4095 4095 4095 4095
206 152 100 117 76 4095 1327 4095 4095 4095
282 107 102 114 120 1311 4095 4095 4095 4095
767 108 104 109 1131 1308 4095 4095 4095 1421
660 107 100 107 1360 1308 4095 4095 4095 1448
244 104 101 109 139 4095 4095 4095 4095 4095
203 124 101 117 240 4095 1327 4095 4095 4095
205 146 104 855 1329 4095 1325 4095 1418 1438
189 125 102 111 168 4095 1326 4095 4095 4095
607 106 100 105 126 1308 4095 4095 4095 4095
183 106 102 1191 155 4095 4095 4095 1300 4095
1037 106 101 116 72 1307 4095 4095 4095 4095
786 106 104 115 121 1307 4095 4095 4095 4095
182 167 101 111 179 1307 4095 4095 1420 1483
356 106 100 105 134 1307 4095 4095 4095 4095
1266 136 170 993 2369 1306 1342 1347 1419 1440
839 119 107 135 32 1307 4095 4095 4095 4095
512 107 102 114 117 1307 4095 4095 4095 4095
185 130 101 111 169 4095 1327 4095 4095 4095
194 146 99 103 141 1308 4095 4095 4095 4095
4095 126 114 128 1326 1311 4095 4095 4095 1442
206 136 102 914 936 4095 1326 4095 1407 1450
204 132 105 114 1798 4095 1326 4095 4095 1432
183 129 102 112 165 4095 1325 4095 4095 4095
912 107 99 105 1042 1307 4095 4095 4095 1446
183 126 101 108 725 4095 1327 4095 4095 4095
206 139 100 116 72 4095 1326 4095 4095 4095
201 132 103 114 870 4095 1326 4095 4095 1699
332 106 102 112 166 1309 4095 4095 4095 4095
280 116 252 106 986 4095 4095 1320 4095 1480
186 108 101 905 1629 4095 4095 4095 1299 1300
206 152 100 115 78 4095 1326 4095 4095 4095
196 108 132 112 1766 4095 4095 1321 4095 1419
720 106 102 112 157 1308 4095 4095 4095 4095
492 106 99 104 138 1309 4095 4095 4095 4095
718 107 102 1490 514 1309 4095 4095 1422 4095
1012 116 103 128 40 1307 4095 4095 4095 4095
1203 106 104 115 114 1307 4095 4095 4095 4095
176 138 103 112 157 4095 1327 4095 4095 4095
194 108 100 1025 146 4095 4095 1322 4095 1478
187 143 101 108 1019 4095 1327 4095 4095 1468
879 106 101 117 66 1308 4095 4095 4095 4095
397 107 104 114 135 1308 4095 4095 4095 4095
1234 105 103 114 149 1307 4095 4095 4095 4095
365 183 104 2407 1441 4095 1325 4095 1394 4001
182 130 183 1143 1303 4095 1348 1319 1403 1408
613 106 101 115 75 1309 4095 4095 4095 4095
703 108 104 115 1129 1307 4095 4095 4095 1417
181 155 101 111 158 4095 1327 4095 4095 4095
192 106 316 104 148 4095 4095 1321 4095 4095
588 106 100 108 157 4095 1326 4095 4095 1401
1118 105 101 116 68 1308 4095 4095 4095 4095
212 109 104 1147 1115 4095 4095 4095 1300 1333
273 143 111 1274 1284 4095 1325 4095 1406 1434
297 120 102 1150 1574 4095 4095 4095 1300 1305
798 109 103 109 3078 1307 4095 4095 4095 1399
201 121 100 115 289 4095 1328 4095 4095 4095
412 256 122 1805 2057 4095 1325 4095 3900 1436
188 108 293 116 2009 4095 1326 4095 4095 4095
323 120 104 1790 616 4095 4095 4095 1300 4095
180 107 101 1324 148 4095 4095 4095 1299 4095
1274 108 272 118 2147 1307 4095 1332 4095 1444
196 128 103 115 140 1306 4095 1339 4095 1435
1495 105 104 116 138 4095 4095 4095 1300 4095
206 108 101 1915 147 1308 4095 4095 4095 1434
179 109 101 853 1122 4095 4095 4095 1302 1307
295 117 104 1209 779 4095 4095 4095 1299 1394
595 108 104 114 137 1308 4095 4095 4095 4095
687 109 105 115 2416 1299 4095 4095 4095 1414
198 137 100 103 212 4095 1326 4095 4095 4095
181 151 102 107 1915 4095 1326 4095 4095 1434
402 131 395 1316 21 4095 4095 1320 1421 4095
202 129 104 114 2451 4095 4095 1320 4095 1433
1031 106 104 114 153 1308 4095 4095 4095 4095
200 108 100 854 592 4095 4095 4095 1300 4095
185 125 101 108 500 4095 1327 4095 4095 4095
209 132 103 1117 1921 4095 1325 4095 1398 1399
207 106 180 114 152 4095 4095 1320 4095 4095
1238 107 105 115 1246 1308 4095 4095 4095 1447
1265 106 101 106 907 1308 4095 4095 4095 1471
468 105 100 108 163 1306 4095 1351 1423 1423
203 136 101 115 1924 4095 1327 4095 4095 1420
858 108 105 115 1215 1307 4095 4095 4095 1439
270 122 112 1292 640 4095 4095 4095 1299 4095
193 128 100 103 686 4095 1326 4095 4095 1494
535 106 100 108 167 1307 4095 4095 4095 4095
1544 104 101 115 72 1307 4095 4095 4095 4095
203 160 105 114 1457 4095 1327 4095 4095 1432
181 109 103 828 1121 1307 4095 1329 4095 1424
282 118 102 296 1941 4095 4095 4095 1300 1326
305 144 108 1516 1492 4095 1326 4095 1403 813
831 109 102 117 2866 1308 4095 4095 4095 1441
294 130 110 881 806 4095 4095 4095 1300 1323
244 118 311 127 177 4095 4095 1320 4095 4095
883 117 102 105 212 1311 4095 4095 4095 4095
619 105 102 108 340 4095 1327 4095 4095 4095
218 109 218 115 2125 4095 4095 1320 4095 1513
207 110 105 1016 1254 4095 4095 4095 1299 1296
188 108 104 923 926 4095 4095 4095 1299 1332
2297 106 103 107 1213 1308 4095 4095 4095 1467
186 108 101 1382 714 4095 4095 4095 1300 4095
292 119 103 1592 344 4095 4095 4095 1299 4095
208 148 105 952 1489 4095 1325 4095 1425 1463
188 156 103 114 142 4095 1326 4095 4095 4095
319 119 105 1602 606 4095 4095 4095 1299 4095
1400 106 102 110 1183 1309 4095 4095 4095 4095
283 118 166 1008 627 4095 4095 1321 1401 4095
202 137 105 1164 1342 4095 1331 4095 1420 1426
179 130 104 114 143 4095 1326 4095 4095 4095
196 141 101 780 1408 4095 1325 4095 1415 1520
772 107 101 109 775 1308 4095 4095 4095 1434
1042 116 103 126 57 1308 4095 4095 4095 4095
207 109 135 114 1661 4095 4095 1321 4095 1372
263 119 109 1630 162 4095 4095 4095 1300 4095
817 116 102 106 217 1307 4095 4095 4095 4095
191 132 101 1047 996 4095 4095 4095 1300 4095
992 118 102 1207 458 1310 4095 4095 1424 4095
203 139 103 116 136 4095 1326 4095 4095 4095
1276 105 104 117 132 1307 4095 4095 4095 1452
855 106 100 103 196 1307 4095 4095 4095 4095
189 107 100 1055 155 4095 4095 4095 1300 4095
616 108 101 114 1822 1307 4095 4095 4095 1418
1041 106 103 116 126 1307 4095 4095 4095 4095
917 107 104 116 734 1307 4095 4095 4095 4095
517 105 102 103 191 1307 4095 4095 4095 4095
1306 107 102 802 1159 1308 4095 4095 1433 1464
198 107 129 114 1295 4095 4095 1321 4095 1431
202 127 104 116 915 4095 1326 4095 4095 1434
188 138 103 114 103 4095 1327 4095 4095 4095
185 108 102 838 675 4095 4095 1322 4095 4095
900 106 102 110 155 1310 4095 4095 4095 4095
201 127 100 113 90 4095 1326 4095 4095 4095
466 107 104 115 139 1307 4095 4095 4095 4095
187 139 104 115 1736 4095 1327 4095 4095 1411
185 135 101 104 200 4095 1326 4095 4095 4095
3963 106 105 114 1385 1307 4095 4095 4095 4095
579 107 100 113 911 1306 4095 4095 4095 1440
204 129 103 115 147 1308 4095 4095 4095 1491
319 142 115 1776 928 4095 4095 4095 1299 4095
254 117 106 1792 286 4095 4095 4095 1300 4095
871 105 100 108 165 1308 4095 4095 4095 4095
204 107 135 113 1929 1306 4095 4095 4095 1547
1272 139 114 2224 2156 4095 4095 4095 1301 1307
189 109 104 935 3376 4095 4095 4095 1299 1321
633 105 102 104 190 1309 4095 4095 4095 4095
1369 105 101 110 150 1308 4095 4095 4095 4095
1141 104 101 114 96 1308 4095 4095 4095 4095
203 132 105 116 961 4095 1328 4095 4095 1416
177 106 137 114 261 4095 4095 1320 4095 4095
192 149 103 104 1583 4095 1326 4095 4095 1432
711 106 101 109 156 1308 4095 4095 4095 4095
214 143 154 833 4095 4095 1327 1341 1417 1392
197 128 104 116 677 4095 1326 4095 4095 4095
193 107 104 1074 779 4095 4095 4095 1299 1319
935 105 102 105 195 1308 4095 4095 4095 4095
1069 104 101 109 143 1307 4095 4095 4095 4095
695 132 154 947 835 1308 1336 1345 1421 1446
199 129 105 116 1360 4095 1326 4095 4095 1426
170 108 225 114 1178 4095 4095 1319 4095 1436
192 111 104 392 2322 4095 4095 4095 1299 1321
625 106 101 110 145 1309 4095 4095 4095 4095
824 107 119 113 1275 1307 4095 4095 4095 1418
726 109 107 118 1691 1307 4095 4095 4095 1420
1089 118 111 134 1585 1307 4095 4095 4095 1413
187 131 102 1488 721 4095 1326 4095 4095 4095
191 108 138 108 1098 4095 4095 1321 4095 1428
209 109 116 114 2503 4095 4095 1320 4095 1377
728 106 104 117 122 1308 4095 4095 4095 4095
1439 119 108 125 1831 1307 4095 4095 4095 1426
1283 126 194 115 1529 1306 4095 1337 4095 1432
1484 118 104 115 204 1308 4095 4095 4095 4095
290 146 102 1143 1339 4095 1325 4095 1397 1429
728 106 103 117 134 1308 4095 4095 4095 4095
671 106 104 116 121 1308 4095 4095 4095 4095
259 118 237 107 1393 4095 4095 1321 4095 1410
184 154 101 107 932 4095 1326 4095 4095 1444
1274 104 102 115 655 1307 4095 4095 4095 4095
203 125 103 117 427 4095 1326 4095 4095 4095
256 120 108 1134 1346 4095 4095 4095 1299 1419
190 107 102 502 705 4095 4095 4095 1299 4095
