139 159 163 115 140 1306 4095 4095 4095 4095
119 158 121 168 140 4095 4095 4095 1300 4095
142 151 138 110 137 1308 4095 4095 4095 4095
137 160 135 108 155 1307 4095 4095 4095 4095
156 167 160 118 102 1307 4095 4095 4095 4095
170 148 127 111 110 1306 4095 4095 4095 4095
133 149 322 110 111 4095 4095 1320 4095 4095
153 157 124 104 150 1308 4095 4095 4095 4095
145 153 135 108 155 1307 4095 4095 4095 4095
159 150 130 111 122 1306 4095 4095 4095 4095
173 163 144 119 69 1306 4095 4095 4095 4095
163 153 134 112 100 1306 4095 4095 4095 4095
127 159 119 131 135 4095 4095 4095 1299 4095
4095 758 239 128 383 1346 1326 4095 4095 4095
153 158 150 109 193 1307 4095 4095 4095 4095
130 165 167 148 137 4095 4095 4095 1299 4095
146 158 150 113 159 1307 4095 4095 4095 4095
148 159 131 109 139 1308 4095 4095 4095 4095
117 160 188 107 127 4095 4095 1321 4095 4095
118 152 140 139 142 4095 4095 4095 1299 4095
131 152 138 159 138 4095 4095 4095 1299 4095
148 155 135 108 159 1308 4095 4095 4095 4095
142 160 149 111 172 1307 4095 4095 4095 4095
132 160 151 110 176 1309 4095 4095 4095 4095
208 154 142 109 158 1307 4095 4095 4095 4095
150 159 121 103 134 1307 4095 4095 4095 4095
143 163 121 107 119 1307 4095 4095 4095 4095
137 154 134 102 197 1306 4095 4095 4095 4095
112 169 231 119 78 4095 4095 4095 4095 2755
129 160 149 193 172 4095 4095 4095 1299 4095
165 157 122 104 140 1307 4095 4095 4095 4095
129 150 285 108 144 4095 4095 1321 4095 4095
122 156 121 130 146 4095 4095 4095 1299 4095
129 161 158 114 154 1308 4095 4095 4095 4095
129 157 133 150 151 4095 4095 4095 1299 4095
170 160 131 109 143 1307 4095 4095 4095 4095
667 162 160 114 125 1308 4095 4095 4095 4095
181 164 169 115 135 1307 4095 4095 4095 4095
165 162 167 114 134 1307 4095 4095 4095 4095
136 163 170 149 148 4095 4095 4095 1299 4095
134 155 135 143 165 4095 4095 4095 1299 4095
168 165 170 117 137 1307 4095 4095 4095 4095
138 161 168 168 132 4095 4095 4095 1299 4095
167 163 161 113 122 1307 4095 4095 4095 4095
133 160 131 108 147 1308 4095 4095 4095 4095
207 151 139 110 124 1307 4095 4095 4095 4095
294 155 141 107 154 1307 4095 4095 4095 4095
528 156 133 113 109 1307 4095 4095 4095 4095
157 155 124 103 139 1308 4095 4095 4095 4095
132 159 120 142 136 4095 4095 4095 1300 4095
165 161 160 114 125 1308 4095 4095 4095 4095
134 460 134 113 82 4095 1326 4095 4095 4095
146 149 135 111 120 1308 4095 4095 4095 4095
127 159 152 151 204 4095 4095 4095 1299 4095
137 161 126 108 127 1308 4095 4095 4095 4095
152 156 132 111 94 1308 4095 4095 4095 4095
168 159 146 104 197 1307 4095 4095 4095 4095
153 161 127 108 136 1307 4095 4095 4095 4095
163 168 162 118 108 1307 4095 4095 4095 4095
174 217 171 128 55 1306 4095 4095 4095 4095
153 165 154 114 103 1307 4095 4095 4095 4095
134 164 315 118 138 4095 4095 1321 4095 4095
134 157 151 113 157 1308 4095 4095 4095 4095
150 159 121 105 143 1307 4095 4095 4095 4095
135 153 141 157 132 4095 4095 4095 1299 4095
124 166 157 143 116 4095 4095 4095 1299 4095
129 157 134 108 166 1309 4095 4095 4095 4095
125 151 138 136 140 4095 4095 4095 1299 4095
138 159 150 106 199 1308 4095 4095 4095 4095
137 159 131 109 145 1309 4095 4095 4095 4095
119 147 127 166 115 4095 4095 4095 1299 4095
148 163 161 115 123 1307 4095 4095 4095 4095
168 164 159 116 114 1307 4095 4095 4095 4095
127 163 170 195 137 4095 4095 4095 1299 4095
117 160 151 151 179 4095 4095 4095 1299 4095
142 160 137 116 81 1307 4095 4095 4095 4095
156 155 127 104 162 1308 4095 4095 4095 4095
145 159 160 114 148 1307 4095 4095 4095 4095
129 162 158 114 197 1308 4095 4095 4095 4095
135 165 160 116 117 1308 4095 4095 4095 4095
125 165 241 116 111 4095 4095 1320 4095 4095
124 157 135 134 156 4095 4095 4095 1299 4095
135 159 121 104 146 1307 4095 4095 4095 4095
131 156 134 107 168 1308 4095 4095 4095 4095
160 163 159 114 117 1307 4095 4095 4095 4095
150 155 134 103 198 1306 4095 4095 4095 4095
420 158 134 114 83 1307 4095 4095 4095 4095
144 159 162 116 134 1308 4095 4095 4095 4095
164 163 170 116 133 1307 4095 4095 4095 4095
131 163 271 116 136 4095 4095 1320 4095 4095
157 163 171 116 142 1308 4095 4095 4095 4095
166 159 132 109 149 1307 4095 4095 4095 4095
125 151 137 160 140 4095 4095 4095 1299 4095
148 158 153 108 195 1307 4095 4095 4095 4095
116 159 123 156 151 4095 4095 4095 1299 4095
208 219 202 112 291 1307 4095 4095 4095 4095
146 161 164 114 127 1308 4095 4095 4095 4095
133 156 135 109 165 1308 4095 4095 4095 4095
135 161 128 108 133 1308 4095 4095 4095 4095
133 163 159 114 110 1308 4095 4095 4095 4095
127 151 135 132 110 4095 4095 4095 1298 4095
162 160 160 116 120 1307 4095 4095 4095 4095
201 157 150 106 203 1307 4095 4095 4095 4095
145 155 133 113 94 1307 4095 4095 4095 4095
131 163 172 116 134 1307 4095 4095 4095 4095
144 160 126 107 126 1307 4095 4095 4095 4095
124 156 150 205 196 4095 4095 4095 1298 4095
129 155 136 185 156 4095 4095 4095 1300 4095
104 159 200 103 122 4095 4095 1320 4095 2951
132 159 162 115 133 1308 4095 4095 4095 4095
125 159 152 183 196 4095 4095 4095 1299 4095
150 161 129 109 146 1307 4095 4095 4095 4095
452 164 137 116 83 1307 4095 4095 4095 4095
126 162 167 155 131 4095 4095 4095 1299 4095
151 163 166 114 135 1307 4095 4095 4095 4095
142 153 136 109 132 1307 4095 4095 4095 4095
138 157 120 106 134 1308 4095 4095 4095 4095
156 153 133 113 96 1308 4095 4095 4095 4095
131 157 135 135 86 4095 4095 4095 1300 4095
148 165 167 119 130 1308 4095 4095 4095 4095
144 161 160 115 142 1307 4095 4095 4095 4095
129 159 257 109 157 4095 4095 1321 4095 4095
171 160 149 109 173 1308 4095 4095 4095 4095
129 166 278 118 135 4095 4095 1320 4095 4095
114 162 168 116 118 1308 4095 4095 4095 712
140 156 134 164 82 4095 4095 4095 1299 4095
163 153 139 108 164 1306 4095 4095 4095 4095
134 164 249 115 136 4095 4095 1320 4095 4095
179 165 160 116 122 1308 4095 4095 4095 4095
127 156 149 142 199 4095 4095 4095 1298 4095
125 162 171 142 145 4095 4095 4095 1299 4095
134 157 149 193 196 4095 4095 4095 1298 4095
172 152 141 107 155 1307 4095 4095 4095 4095
131 158 132 148 77 4095 4095 4095 1299 4095
136 165 157 115 135 1308 4095 4095 4095 4095
159 158 123 104 146 1306 4095 4095 4095 4095
178 161 159 114 132 1306 4095 4095 4095 4095
149 162 166 113 137 1308 4095 4095 4095 4095
129 150 284 111 113 4095 4095 1320 4095 4095
155 165 160 116 105 1307 4095 4095 4095 4095
229 208 138 112 167 1308 4095 4095 4095 4095
151 157 132 109 162 1307 4095 4095 4095 4095
151 152 138 110 133 1307 4095 4095 4095 4095
149 156 150 108 191 1307 4095 4095 4095 4095
128 160 149 130 195 4095 4095 4095 1300 4095
122 159 125 140 134 4095 4095 4095 1299 4095
580 158 153 107 212 1308 4095 4095 4095 4095
460 200 138 109 166 1308 4095 4095 4095 4095
247 160 135 116 88 1307 4095 4095 4095 4095
145 158 134 108 149 1307 4095 4095 4095 4095
125 157 127 188 173 4095 4095 4095 1299 4095
173 159 134 115 83 1306 4095 4095 4095 4095
151 166 158 118 95 1308 4095 4095 4095 4095
134 162 137 117 79 1308 4095 4095 4095 4095
139 164 161 116 122 1308 4095 4095 4095 4095
150 155 128 103 169 1307 4095 4095 4095 4095
138 161 157 115 112 4095 4095 4095 4095 4095
155 158 148 109 200 1306 4095 4095 4095 4095
160 161 129 107 137 1306 4095 4095 4095 4095
140 157 131 103 175 1307 4095 4095 4095 4095
170 152 134 108 161 1307 4095 4095 4095 4095
147 154 136 108 162 1307 4095 4095 4095 4095
134 156 151 109 194 1307 4095 4095 4095 4095
166 154 130 110 114 1306 4095 4095 4095 4095
129 157 133 137 81 4095 4095 4095 1299 4095
146 158 152 110 178 1308 4095 4095 4095 4095
130 156 186 104 131 4095 4095 1320 4095 4095
129 160 150 199 187 4095 4095 4095 1298 4095
176 158 134 108 159 1308 4095 4095 4095 4095
133 160 121 106 144 1307 4095 4095 4095 4095
153 153 129 112 110 1308 4095 4095 4095 4095
125 166 143 1566 64 4095 4095 4095 1299 4095
166 162 159 114 120 1307 4095 4095 4095 4095
549 163 155 114 121 1308 4095 4095 4095 4095
137 166 159 116 120 1306 4095 4095 4095 4095
138 164 157 114 115 1308 4095 4095 4095 4095
127 161 160 159 153 4095 4095 4095 1299 4095
147 156 135 107 159 1307 4095 4095 4095 4095
151 154 140 109 162 1307 4095 4095 4095 4095
148 159 123 107 130 1307 4095 4095 4095 4095
149 147 129 111 108 1308 4095 4095 4095 4095
146 156 149 106 207 1308 4095 4095 4095 4095
143 158 131 114 82 1306 4095 4095 4095 4095
135 165 142 117 72 1307 4095 4095 4095 4095
130 162 156 138 92 4095 4095 4095 1299 4095
155 156 150 110 191 1307 4095 4095 4095 4095
153 152 138 110 125 1307 4095 4095 4095 4095
143 163 161 115 122 1308 4095 4095 4095 4095
141 157 150 110 187 1308 4095 4095 4095 4095
131 156 250 112 138 4095 4095 1320 4095 4095
367 162 167 115 148 1307 4095 4095 4095 4095
146 157 151 107 198 1307 4095 4095 4095 4095
145 160 163 114 138 1307 4095 4095 4095 4095
162 166 153 119 88 1306 4095 4095 4095 4095
122 164 160 148 129 4095 4095 4095 1298 4095
159 159 121 106 141 1307 4095 4095 4095 4095
125 160 157 132 146 4095 4095 4095 4095 4095
188 150 139 110 125 1306 4095 4095 4095 4095
161 160 161 116 142 1307 4095 4095 4095 4095
136 157 133 114 76 1307 4095 4095 4095 4095
127 165 170 165 142 4095 4095 4095 1299 4095
140 159 124 104 129 1308 4095 4095 4095 4095
140 161 140 154 83 4095 4095 4095 1299 4095
128 172 224 117 113 4095 4095 4095 4095 4095
175 162 153 114 101 1307 4095 4095 4095 4095
167 153 130 111 105 1306 4095 4095 4095 4095
150 157 120 104 146 1307 4095 4095 4095 4095
132 152 139 133 135 4095 4095 4095 4095 4095
165 159 160 116 146 1307 4095 4095 4095 4095
118 162 161 168 123 4095 4095 4095 1299 4095
215 167 161 118 104 1308 4095 4095 4095 4095
168 159 134 115 79 1307 4095 4095 4095 4095
156 147 124 111 108 1307 4095 4095 4095 4095
152 157 149 107 197 1306 4095 4095 4095 4095
228 203 192 125 116 1307 4095 4095 4095 4095
139 158 148 104 200 1307 4095 4095 4095 4095
129 155 137 157 133 4095 4095 4095 1299 4095
123 163 159 114 135 1308 4095 4095 4095 4095
119 155 244 109 128 4095 4095 1319 4095 4095
145 151 138 108 143 1308 4095 4095 4095 4095
167 160 123 108 136 1306 4095 4095 4095 4095
170 154 137 108 172 1307 4095 4095 4095 4095
146 159 149 111 187 1308 4095 4095 4095 4095
132 155 135 177 88 4095 4095 4095 1299 4095
127 164 359 114 133 4095 4095 1320 4095 4095
179 159 149 110 177 1308 4095 4095 4095 4095
308 158 133 114 78 1309 4095 4095 4095 4095
142 160 134 115 85 1308 4095 4095 4095 4095
140 154 134 113 87 1307 4095 4095 4095 4095
408 157 126 104 151 1308 4095 4095 4095 4095
120 159 149 196 183 4095 4095 4095 1298 4095
153 159 161 114 145 1307 4095 4095 4095 4095
128 158 136 108 164 1308 4095 4095 4095 4095
163 161 160 115 147 1306 4095 4095 4095 4095
151 156 134 113 93 1307 4095 4095 4095 4095
411 234 219 130 125 1306 4095 4095 4095 4095
157 164 171 117 130 1306 4095 4095 4095 4095
151 160 119 106 143 1307 4095 4095 4095 4095
145 163 156 115 111 1308 4095 4095 4095 4095
149 168 152 118 73 1307 4095 4095 4095 4095
138 160 123 104 167 1307 4095 4095 4095 3402
187 161 149 110 175 1308 4095 4095 4095 4095
156 160 132 109 147 1307 4095 4095 4095 4095
133 159 125 109 143 1308 4095 4095 4095 4095
196 151 138 110 130 1307 4095 4095 4095 4095
159 156 133 114 87 1307 4095 4095 4095 4095
157 159 145 103 197 1308 4095 4095 4095 4095
120 152 214 110 122 4095 4095 1321 4095 4095
148 163 163 119 112 1307 4095 4095 4095 4095
135 160 163 114 143 1308 4095 4095 4095 4095
118 158 133 130 157 4095 4095 4095 1299 4095
204 167 160 119 92 1307 4095 4095 4095 4095
164 160 137 115 85 1306 4095 4095 4095 4095
172 163 142 117 68 1306 4095 4095 4095 4095
468 164 170 119 135 1307 4095 4095 4095 4095
111 163 2665 114 148 4095 4095 1320 4095 4095
136 166 299 119 116 4095 4095 1320 4095 4095
133 164 154 115 122 1308 4095 4095 4095 4095
126 159 159 179 158 4095 4095 4095 1300 4095
130 159 227 111 171 4095 4095 1321 4095 4095
141 157 146 110 199 1308 4095 4095 4095 4095
127 161 187 106 143 4095 4095 4095 4095 4095
138 154 134 114 76 1307 4095 4095 4095 4095
134 151 139 108 143 1307 4095 4095 4095 4095
128 160 120 178 135 4095 4095 4095 1298 4095
145 152 139 108 133 1308 4095 4095 4095 4095
167 166 166 119 118 1307 4095 4095 4095 4095
121 162 163 140 137 4095 4095 4095 1299 4095
129 160 151 151 189 4095 4095 4095 1299 4095
156 161 148 110 185 1307 4095 4095 4095 4095
121 162 283 116 135 4095 4095 1320 4095 4095
122 156 209 108 156 4095 4095 1321 4095 4095
127 154 134 134 167 4095 4095 4095 1299 4095
146 156 150 113 158 1308 4095 4095 4095 4095
178 160 150 109 189 1307 4095 4095 4095 4095
129 159 150 109 190 1308 4095 4095 4095 4095
125 166 236 117 121 4095 4095 1320 4095 4095
134 157 257 105 200 4095 4095 1320 4095 4095
128 162 162 189 110 4095 4095 4095 1299 4095
173 160 161 114 127 1307 4095 4095 4095 4095
165 161 161 115 140 1307 4095 4095 4095 4095
122 162 155 183 114 4095 4095 4095 1299 4095
195 159 123 107 138 1307 4095 4095 4095 4095
140 157 131 114 78 1308 4095 4095 4095 4095
130 154 209 108 157 4095 4095 1320 4095 4095
127 149 125 388 104 4095 4095 4095 1299 4095
118 161 159 170 137 4095 4095 4095 1299 4095
124 162 165 157 132 4095 4095 4095 1299 4095
137 160 160 113 148 1308 4095 4095 4095 4095
924 216 145 114 169 1309 4095 4095 4095 4095
172 166 170 118 134 1306 4095 4095 4095 4095
137 153 139 108 151 1307 4095 4095 4095 4095
148 159 130 109 137 1308 4095 4095 4095 4095
178 161 139 117 75 1307 4095 4095 4095 4095
135 166 166 119 118 1308 4095 4095 4095 4095
135 153 140 109 147 1308 4095 4095 4095 4095
143 163 143 117 79 1307 4095 4095 4095 4095
143 162 153 115 105 1307 4095 4095 4095 4095
176 159 130 109 140 1307 4095 4095 4095 4095
132 165 171 531 138 4095 4095 4095 1299 4095
140 161 160 114 121 1308 4095 4095 4095 4095
137 159 133 108 156 1307 4095 4095 4095 4095
123 163 214 118 76 4095 4095 1320 4095 4095
153 154 133 112 100 1307 4095 4095 4095 4095
125 157 151 150 196 4095 4095 4095 1299 4095
126 164 157 156 119 4095 4095 4095 1300 4095
131 163 168 114 134 1308 4095 4095 4095 4095
129 156 258 112 160 4095 4095 1320 4095 4095
778 155 141 111 129 1309 4095 4095 4095 4095
145 159 122 106 131 1307 4095 4095 4095 4095
2489 340 291 138 387 1310 4095 4095 4095 4095
133 160 119 106 131 1307 4095 4095 4095 4095
171 151 139 109 131 1306 4095 4095 4095 4095
124 161 162 146 121 4095 4095 4095 1298 4095
172 154 133 112 102 1306 4095 4095 4095 4095
129 154 129 131 105 4095 4095 4095 1299 4095
127 158 152 140 188 4095 4095 4095 1299 4095
132 164 170 118 129 1308 4095 4095 4095 4095
150 162 157 115 110 1308 4095 4095 4095 4095
179 161 150 111 168 1308 4095 4095 4095 4095
152 161 150 110 189 1308 4095 4095 4095 4095
145 153 127 111 107 1309 4095 4095 4095 4095
127 159 118 198 138 4095 4095 4095 1300 4095
256 154 135 112 104 1308 4095 4095 4095 4095
141 165 157 113 113 1307 4095 4095 4095 4095
166 156 129 103 182 1306 4095 4095 4095 4095
122 161 149 155 197 4095 4095 4095 1299 4095
139 161 162 114 150 1307 4095 4095 4095 4095
140 160 119 105 142 1307 4095 4095 4095 4095
346 165 173 118 144 1306 4095 4095 4095 4095
138 163 170 115 129 1308 4095 4095 4095 4095
121 156 273 103 184 4095 4095 4095 4095 4095
148 213 144 212 152 4095 4095 4095 1299 4095
196 163 172 116 150 1307 4095 4095 4095 4095
129 159 135 161 155 4095 4095 4095 1299 4095
153 154 135 106 170 1307 4095 4095 4095 4095
153 155 132 113 86 1307 4095 4095 4095 4095
164 164 155 115 106 1307 4095 4095 4095 4095
173 158 148 104 205 1307 4095 4095 4095 4095
134 157 134 109 151 1308 4095 4095 4095 4095
167 160 140 117 72 1306 4095 4095 4095 4095
156 167 167 118 126 1306 4095 4095 4095 4095
130 159 122 151 145 4095 4095 4095 1299 4095
141 147 132 110 108 1308 4095 4095 4095 4095
169 152 139 110 135 1306 4095 4095 4095 4095
149 148 132 111 119 1307 4095 4095 4095 4095
144 157 132 114 72 1308 4095 4095 4095 4095
134 159 121 105 138 1307 4095 4095 4095 4095
129 162 228 114 133 4095 4095 1320 4095 4095
138 163 159 113 112 1307 4095 4095 4095 4095
208 163 171 115 135 1307 4095 4095 4095 4095
129 163 157 165 95 4095 4095 4095 1298 4095
143 159 151 108 189 1308 4095 4095 4095 4095
152 163 142 117 80 1306 4095 4095 4095 4095
128 168 160 144 94 4095 4095 4095 1299 4095
123 941 121 105 138 4095 1326 4095 4095 4095
137 156 131 140 187 4095 4095 4095 1299 4095
134 154 135 107 154 1308 4095 4095 4095 4095
177 155 140 109 140 1306 4095 4095 4095 4095
137 149 133 111 120 1309 4095 4095 4095 4095
126 158 246 103 173 4095 4095 1322 4095 4095
119 155 139 161 151 4095 4095 4095 1299 4095
155 159 119 106 134 1308 4095 4095 4095 4095
138 153 133 107 169 1307 4095 4095 4095 4095
137 159 153 115 90 1308 4095 4095 4095 4095
125 167 296 119 130 4095 4095 1320 4095 4095
136 162 157 115 159 4095 4095 4095 4095 4095
126 158 150 134 179 4095 4095 4095 1299 4095
131 160 161 151 127 4095 4095 4095 1299 4095
243 205 165 115 215 1307 4095 4095 4095 4095
125 154 137 142 170 4095 4095 4095 1299 4095
122 161 227 109 183 4095 4095 1319 4095 4095
169 153 139 108 158 1308 4095 4095 4095 4095
138 159 151 108 191 1307 4095 4095 4095 4095
128 154 129 189 109 4095 4095 4095 1298 4095
116 160 151 161 177 4095 4095 4095 1299 4095
133 163 156 115 110 1308 4095 4095 4095 4095
130 156 127 103 165 1307 4095 4095 4095 4095
139 165 173 117 140 1308 4095 4095 4095 4095
143 160 149 111 167 1308 4095 4095 4095 4095
139 156 134 107 161 1307 4095 4095 4095 4095
136 158 119 106 138 1308 4095 4095 4095 4095
151 152 139 109 142 1308 4095 4095 4095 4095
166 162 156 113 122 1308 4095 4095 4095 4095
130 162 171 115 144 1308 4095 4095 4095 4095
172 159 129 109 140 1306 4095 4095 4095 4095
185 158 126 104 152 1307 4095 4095 4095 4095
128 152 284 110 141 4095 4095 1321 4095 4095
172 162 154 116 103 1307 4095 4095 4095 4095
1171 216 199 111 297 1308 4095 4095 4095 4095
169 157 146 105 205 1307 4095 4095 4095 4095
115 159 160 142 142 4095 4095 4095 1299 4095
129 162 161 114 133 4095 4095 4095 4095 4095
150 156 132 114 86 1307 4095 4095 4095 4095
158 155 130 108 187 1307 4095 4095 4095 4095
714 165 171 116 141 1308 4095 4095 4095 4095
131 161 162 144 131 4095 4095 4095 1299 4095
127 165 159 142 112 4095 4095 4095 1299 4095
156 166 161 118 108 1307 4095 4095 4095 4095
136 153 131 108 162 1308 4095 4095 4095 4095
121 165 162 156 126 4095 4095 4095 1299 4095
152 161 158 113 141 1307 4095 4095 4095 4095
193 219 169 117 220 1307 4095 4095 4095 4095
154 163 169 116 134 1307 4095 4095 4095 4095
142 159 135 114 77 1308 4095 4095 4095 4095
139 157 148 106 197 1307 4095 4095 4095 4095
123 166 225 116 116 4095 4095 4095 4095 4095
149 166 160 116 117 1306 4095 4095 4095 4095
142 165 159 114 115 1307 4095 4095 4095 4095
155 158 128 109 117 1306 4095 4095 4095 4095
131 152 137 109 132 1307 4095 4095 4095 4095
156 155 135 107 158 1306 4095 4095 4095 4095
147 163 170 114 141 1308 4095 4095 4095 4095
128 164 396 115 101 4095 4095 1320 4095 4095
149 150 140 109 131 1307 4095 4095 4095 4095
151 162 156 114 120 1307 4095 4095 4095 4095
126 164 159 158 124 4095 4095 4095 1299 4095
146 161 167 114 129 1309 4095 4095 4095 4095
187 164 143 117 73 1307 4095 4095 4095 4095
134 154 140 108 155 1308 4095 4095 4095 4095
139 163 170 116 139 1307 4095 4095 4095 4095
146 158 147 104 196 1308 4095 4095 4095 4095
158 157 127 103 172 1306 4095 4095 4095 4095
131 160 125 107 133 1308 4095 4095 4095 4095
613 170 161 120 97 1306 4095 4095 4095 4095
132 160 151 212 201 4095 4095 4095 1298 4095
135 162 137 116 74 1308 4095 4095 4095 4095
170 163 172 116 143 1308 4095 4095 4095 4095
132 158 124 104 150 1307 4095 4095 4095 4095
131 159 148 130 200 4095 4095 4095 1299 4095
124 160 200 108 143 4095 4095 1320 4095 4095
121 157 125 144 147 4095 4095 4095 1299 4095
211 203 175 121 134 1306 4095 4095 4095 4095
124 162 255 111 164 4095 4095 1320 4095 4095
119 161 148 149 185 4095 4095 4095 1299 4095
117 157 118 270 111 4095 4095 4095 1299 4095
126 158 127 103 151 1308 4095 4095 4095 4095
210 157 148 106 199 1307 4095 4095 4095 4095
119 160 134 127 153 4095 4095 4095 1299 4095
129 163 137 138 77 4095 4095 4095 1299 4095
136 158 134 107 161 1307 4095 4095 4095 4095
133 156 134 114 77 1306 4095 4095 4095 4095
148 159 120 106 146 1307 4095 4095 4095 4095
128 155 134 456 171 4095 4095 4095 1299 4095
117 156 139 195 171 4095 4095 4095 1299 4095
137 151 138 109 142 1308 4095 4095 4095 4095
149 159 126 103 147 1307 4095 4095 4095 4095
144 156 133 107 161 1308 4095 4095 4095 4095
149 163 159 114 132 1307 4095 4095 4095 4095
152 158 162 114 151 1307 4095 4095 4095 4095
577 162 160 114 146 1308 4095 4095 4095 4095
148 235 157 739 167 4095 4095 4095 1298 4095
167 162 137 116 61 1306 4095 4095 4095 4095
157 162 165 115 132 1307 4095 4095 4095 4095
147 158 121 106 142 1308 4095 4095 4095 4095
228 220 222 132 148 1306 4095 4095 4095 4095
186 159 150 105 199 1307 4095 4095 4095 4095
155 163 156 115 117 1306 4095 4095 4095 4095
150 166 169 118 134 1308 4095 4095 4095 4095
119 161 228 115 143 4095 4095 4095 4095 4095
130 161 211 107 140 4095 4095 1321 4095 4095
137 157 131 109 148 1308 4095 4095 4095 4095
119 160 246 108 192 4095 4095 1321 4095 4095
174 163 155 115 117 1307 4095 4095 4095 4095
165 166 157 120 100 1307 4095 4095 4095 4095
188 207 185 121 206 1313 4095 4095 4095 4095
151 156 135 108 157 1307 4095 4095 4095 4095
132 161 131 108 139 1307 4095 4095 4095 4095
132 158 134 109 156 1307 4095 4095 4095 4095
130 165 1931 118 116 4095 4095 1321 4095 4095
118 161 236 113 134 4095 4095 1322 4095 4095
140 161 163 116 120 1308 4095 4095 4095 4095
134 161 157 134 124 4095 4095 4095 1299 4095
424 166 158 116 113 1308 4095 4095 4095 4095
160 155 135 107 152 1307 4095 4095 4095 4095
155 166 161 119 95 1308 4095 4095 4095 4095
163 163 169 114 134 1307 4095 4095 4095 4095
142 162 152 114 117 1308 4095 4095 4095 4095
165 155 124 103 157 1307 4095 4095 4095 4095
288 156 133 107 162 1307 4095 4095 4095 4095
126 165 162 1134 125 4095 4095 4095 1298 4095
147 157 122 104 145 1307 4095 4095 4095 4095
146 145 126 112 139 1308 4095 4095 4095 4095
183 166 166 118 133 1307 4095 4095 4095 4095
152 162 158 113 117 1307 4095 4095 4095 4095
138 149 226 110 121 4095 4095 1321 4095 4095
126 157 133 107 161 1307 4095 4095 4095 4095
169 162 172 117 133 1307 4095 4095 4095 4095
162 157 133 114 88 1306 4095 4095 4095 4095
168 159 149 109 187 1307 4095 4095 4095 4095
194 164 169 117 141 1308 4095 4095 4095 4095
164 164 167 117 132 1306 4095 4095 4095 4095
134 158 148 105 209 1308 4095 4095 4095 4095
129 154 151 112 156 1307 4095 4095 4095 4095
140 161 160 114 128 1307 4095 4095 4095 4095
169 217 166 1671 49 4095 4095 4095 1299 4095
135 158 148 123 197 4095 4095 4095 4095 4095
150 156 150 108 189 1308 4095 4095 4095 4095
132 165 171 118 135 1307 4095 4095 4095 4095
159 149 131 111 110 1307 4095 4095 4095 4095
161 159 137 116 76 1307 4095 4095 4095 4095
133 156 279 115 81 4095 4095 1321 4095 4095
130 158 264 110 173 4095 4095 1320 4095 4095
143 157 149 113 150 1308 4095 4095 4095 4095
163 157 149 105 211 1307 4095 4095 4095 4095
146 159 148 112 166 1307 4095 4095 4095 4095
132 157 124 103 149 1308 4095 4095 4095 4095
125 156 127 134 154 4095 4095 4095 1299 4095
126 159 150 148 172 4095 4095 4095 1299 4095
139 153 137 108 157 1309 4095 4095 4095 4095
160 160 150 107 199 1307 4095 4095 4095 4095
129 155 126 103 164 1307 4095 4095 4095 4095
165 156 130 108 158 1307 4095 4095 4095 4095
169 154 130 112 106 1307 4095 4095 4095 4095
121 157 148 135 192 4095 4095 4095 1299 4095
192 160 120 107 171 1308 4095 4095 4095 4095
140 163 172 116 139 1308 4095 4095 4095 4095
138 163 161 115 121 1307 4095 4095 4095 4095
126 164 160 143 124 4095 4095 4095 1300 4095
126 155 135 107 159 1307 4095 4095 4095 4095
172 162 156 114 115 1306 4095 4095 4095 4095
147 150 139 108 147 1307 4095 4095 4095 4095
126 156 128 103 174 1308 4095 4095 4095 4095
492 161 148 111 177 1307 4095 4095 4095 4095
163 161 164 115 139 1306 4095 4095 4095 4095
152 159 147 112 169 1307 4095 4095 4095 4095
129 161 168 152 142 4095 4095 4095 1298 4095
226 212 192 118 248 1309 4095 4095 4095 4095
148 161 162 116 142 1307 4095 4095 4095 4095
134 159 160 178 186 4095 4095 4095 1299 4095
124 157 118 157 131 4095 4095 4095 1300 4095
134 151 136 109 119 1307 4095 4095 4095 4095
138 161 137 115 81 1308 4095 4095 4095 4095
145 152 130 111 105 4095 4095 4095 4095 4095
139 160 122 106 138 1306 4095 4095 4095 4095
300 162 160 115 122 1307 4095 4095 4095 4095
123 160 160 188 155 4095 4095 4095 1299 4095
152 161 148 111 166 1307 4095 4095 4095 4095
296 206 183 119 219 1306 4095 4095 4095 4095
129 391 150 108 210 4095 1327 4095 4095 4095
137 155 133 107 161 1308 4095 4095 4095 4095
141 159 149 105 195 1307 4095 4095 4095 4095
136 169 158 120 96 1307 4095 4095 4095 4095
135 151 138 110 136 1309 4095 4095 4095 4095
132 156 135 108 163 1307 4095 4095 4095 4095
189 162 159 113 120 1307 4095 4095 4095 4095
132 162 286 115 119 4095 4095 1320 4095 4095
155 161 166 114 139 1308 4095 4095 4095 4095
134 165 158 115 115 1307 4095 4095 4095 4095
130 164 161 114 129 1308 4095 4095 4095 4095
137 166 165 118 124 1307 4095 4095 4095 4095
216 214 145 115 163 1308 4095 4095 4095 4095
232 162 163 116 125 1307 4095 4095 4095 4095
156 157 130 109 161 1306 4095 4095 4095 4095
136 163 170 167 128 4095 4095 4095 1299 4095
182 164 156 115 110 1307 4095 4095 4095 4095
161 161 136 115 72 1306 4095 4095 4095 4095
141 154 135 107 160 1307 4095 4095 4095 4095
151 155 129 103 170 1307 4095 4095 4095 4095
146 158 118 105 133 1307 4095 4095 4095 4095
142 159 131 109 157 1308 4095 4095 4095 4095
145 163 138 115 77 1307 4095 4095 4095 4095
176 161 131 108 143 1306 4095 4095 4095 4095
156 155 137 108 153 1306 4095 4095 4095 4095
163 169 155 119 83 1307 4095 4095 4095 4095
133 163 166 180 142 4095 4095 4095 1299 4095
130 153 493 109 121 4095 4095 1320 4095 4095
170 158 119 104 139 1307 4095 4095 4095 4095
157 159 150 110 186 1308 4095 4095 4095 4095
123 155 131 134 97 4095 4095 4095 1299 4095
166 160 129 108 140 1308 4095 4095 4095 4095
138 161 160 115 115 1308 4095 4095 4095 4095
136 159 133 108 149 1308 4095 4095 4095 4095
130 163 164 114 132 1308 4095 4095 4095 4095
1331 216 192 122 226 1307 4095 4095 4095 4095
140 155 136 108 164 1307 4095 4095 4095 4095
160 161 154 113 115 1307 4095 4095 4095 4095
150 227 208 231 66 4095 4095 4095 1299 4095
122 154 282 108 146 4095 4095 1321 4095 4095
130 165 163 118 116 1309 4095 4095 4095 4095
132 165 156 338 102 4095 4095 4095 1298 4095
134 149 128 110 105 1308 4095 4095 4095 4095
127 156 212 108 160 4095 4095 1320 4095 4095
151 161 148 111 172 1307 4095 4095 4095 4095
161 155 139 108 150 1307 4095 4095 4095 4095
143 159 149 110 183 1308 4095 4095 4095 521
132 155 131 159 94 4095 4095 4095 1299 4095
127 160 131 194 143 4095 4095 4095 1298 4095
186 158 121 105 132 1307 4095 4095 4095 4095
164 161 158 115 118 1307 4095 4095 4095 4095
4095 434 283 127 454 1308 4095 4095 4095 4095
123 151 275 111 111 4095 4095 1320 4095 4095
147 166 168 118 134 1309 4095 4095 4095 4095
172 159 120 106 136 1306 4095 4095 4095 4095
129 159 123 733 146 4095 4095 4095 1299 4095
132 162 217 108 149 4095 4095 1320 4095 4095
125 741 126 104 159 4095 1326 4095 4095 4095
178 156 132 114 79 1307 4095 4095 4095 4095
121 154 132 108 155 1307 4095 4095 4095 4095
129 159 150 550 198 4095 4095 4095 1299 4095
127 308 121 107 393 4095 1326 4095 4095 1396
2280 220 172 127 69 1308 4095 4095 4095 4095
169 165 167 118 126 1306 4095 4095 4095 4095
154 163 159 114 132 1307 4095 4095 4095 4095
151 155 150 106 196 1307 4095 4095 4095 4095
161 157 128 102 159 1307 4095 4095 4095 4095
142 160 123 108 142 1308 4095 4095 4095 4095
129 158 148 105 197 1308 4095 4095 4095 4095
170 160 120 106 142 1307 4095 4095 4095 4095
176 154 146 106 240 1307 4095 4095 4095 4095
156 159 118 104 140 1307 4095 4095 4095 4095
170 157 128 104 161 1307 4095 4095 4095 4095
169 166 164 119 110 1307 4095 4095 4095 4095
132 162 167 114 141 1308 4095 4095 4095 4095
137 165 142 117 74 1308 4095 4095 4095 4095
179 158 124 103 153 1307 4095 4095 4095 4095
168 189 180 111 228 1307 4095 4095 4095 4095
180 162 144 118 82 1306 4095 4095 4095 4095
146 161 155 115 125 1308 4095 4095 4095 4095
261 212 203 132 89 1308 4095 4095 4095 4095
138 157 128 103 165 1307 4095 4095 4095 4095
169 155 138 109 161 1307 4095 4095 4095 4095
2938 199 134 109 165 1308 4095 4095 4095 4095
138 152 136 110 134 1307 4095 4095 4095 4095
163 157 151 105 200 1306 4095 4095 4095 4095
140 160 125 108 135 1307 4095 4095 4095 4095
105 199 140 109 118 4095 4095 4095 4095 1103
135 151 139 110 129 1307 4095 4095 4095 4095
133 164 157 113 114 1307 4095 4095 4095 4095
144 162 157 114 115 1306 4095 4095 4095 4095
141 160 162 115 121 1307 4095 4095 4095 4095
225 151 141 109 139 1307 4095 4095 4095 4095
123 161 129 187 139 4095 4095 4095 1299 4095
141 163 141 117 80 1308 4095 4095 4095 4095
120 161 149 109 188 1308 4095 4095 4095 4095
136 155 131 112 104 1307 4095 4095 4095 4095
128 160 151 188 188 4095 4095 4095 1299 4095
192 154 135 107 162 1308 4095 4095 4095 4095
152 161 158 114 115 1307 4095 4095 4095 4095
159 158 150 109 182 1307 4095 4095 4095 4095
139 156 127 103 163 1308 4095 4095 4095 4095
140 154 131 111 101 1307 4095 4095 4095 4095
136 157 132 109 140 1307 4095 4095 4095 4095
164 164 154 115 112 1306 4095 4095 4095 4095
125 153 208 108 171 4095 4095 1321 4095 4095
149 157 149 106 203 1308 4095 4095 4095 4095
153 159 121 104 146 1307 4095 4095 4095 4095
153 162 140 117 72 1307 4095 4095 4095 4095
175 164 171 116 142 1307 4095 4095 4095 4095
175 159 148 111 171 1307 4095 4095 4095 4095
121 165 301 115 135 4095 4095 1320 4095 4095
133 157 150 125 202 4095 4095 4095 1299 4095
155 160 161 116 134 1307 4095 4095 4095 4095
132 166 168 140 142 4095 4095 4095 1299 4095
177 162 161 115 141 1308 4095 4095 4095 4095
146 160 120 106 138 1308 4095 4095 4095 4095
124 149 138 177 131 4095 4095 4095 1299 4095
121 167 252 119 91 4095 4095 1320 4095 4095
134 151 140 146 130 4095 4095 4095 1300 4095
888 276 259 123 378 1309 4095 4095 4095 4095
120 164 221 115 103 4095 4095 4095 4095 4095
146 158 150 108 200 1307 4095 4095 4095 4095
122 163 155 135 111 4095 4095 4095 1300 4095
133 165 492 119 135 4095 4095 1320 4095 4095
140 150 137 111 123 1308 4095 4095 4095 4095
178 159 137 116 72 1307 4095 4095 4095 4095
132 162 233 115 137 4095 4095 4095 4095 4095
146 157 151 106 194 1308 4095 4095 4095 4095
1693 316 274 117 429 1311 4095 4095 4095 4095
118 159 258 108 151 4095 4095 1320 4095 4095
176 153 137 108 139 1307 4095 4095 4095 4095
125 166 163 161 116 4095 4095 4095 1299 4095
122 154 135 239 163 4095 4095 4095 1299 4095
153 161 161 115 133 1307 4095 4095 4095 4095
158 159 146 104 198 1307 4095 4095 4095 4095
130 160 120 175 134 4095 4095 4095 1299 4095
152 158 122 105 136 1307 4095 4095 4095 4095
136 157 132 108 156 1308 4095 4095 4095 4095
136 582 136 110 119 4095 1326 4095 4095 4095
125 163 155 162 102 4095 4095 4095 1299 4095
136 154 132 103 177 1308 4095 4095 4095 4095
159 159 137 116 79 1307 4095 4095 4095 4095
129 158 121 105 139 1307 4095 4095 4095 4095
133 164 158 114 113 1307 4095 4095 4095 4095
168 159 134 107 151 1307 4095 4095 4095 4095
169 161 134 109 152 1307 4095 4095 4095 4095
128 150 220 110 120 4095 4095 1321 4095 4095
136 155 142 104 195 1307 4095 4095 4095 4095
133 152 137 110 133 1307 4095 4095 4095 4095
165 163 156 115 117 1307 4095 4095 4095 4095
144 155 133 109 165 1308 4095 4095 4095 4095
132 164 170 157 139 4095 4095 4095 1299 4095
131 153 136 107 154 1308 4095 4095 4095 4095
144 158 121 107 139 1308 4095 4095 4095 4095
342 162 162 115 129 1308 4095 4095 4095 4095
148 157 125 103 158 1307 4095 4095 4095 4095
129 162 207 115 75 4095 4095 1321 4095 4095
128 163 137 137 69 4095 4095 4095 1299 4095
1041 222 229 126 173 1309 4095 4095 4095 4095
133 160 149 192 177 4095 4095 4095 1299 4095
149 160 163 115 122 1308 4095 4095 4095 4095
126 163 159 146 126 4095 4095 4095 1299 4095
160 164 162 117 115 1307 4095 4095 4095 4095
132 157 150 106 203 1308 4095 4095 4095 4095
146 156 132 102 193 1307 4095 4095 4095 4095
124 163 141 157 87 4095 4095 4095 1299 4095
126 156 138 158 153 4095 4095 4095 1299 4095
129 159 148 140 193 4095 4095 4095 1299 4095
144 159 148 110 166 1309 4095 4095 4095 4095
140 159 149 111 171 1308 4095 4095 4095 4095
134 159 150 110 178 1308 4095 4095 4095 4095
220 215 142 112 162 1307 4095 4095 4095 4095
167 162 138 118 70 1307 4095 4095 4095 4095
132 160 148 109 186 1308 4095 4095 4095 4095
132 162 160 143 137 4095 4095 4095 1298 4095
161 155 132 112 102 1307 4095 4095 4095 4095
144 150 134 111 111 1307 4095 4095 4095 4095
140 153 140 109 144 1307 4095 4095 4095 4095
162 160 124 108 144 1307 4095 4095 4095 4095
146 154 135 111 97 1308 4095 4095 4095 4095
135 164 154 115 113 1308 4095 4095 4095 4095
155 157 151 113 155 1307 4095 4095 4095 4095
123 151 129 149 111 4095 4095 4095 1298 4095
123 165 241 118 140 4095 4095 1321 4095 4095
117 161 225 113 145 4095 4095 4095 4095 4095
134 214 133 108 163 4095 1326 4095 4095 4095
214 153 131 112 106 1307 4095 4095 4095 4095
153 159 120 105 139 1308 4095 4095 4095 4095
235 210 143 113 160 1306 4095 4095 4095 4095
1203 204 177 118 169 1308 4095 4095 4095 4095
190 157 149 110 187 1307 4095 4095 4095 4095
155 154 136 113 99 1306 4095 4095 4095 4095
124 160 120 140 135 4095 4095 4095 1298 4095
158 159 159 116 150 1307 4095 4095 4095 4095
144 157 134 108 160 1308 4095 4095 4095 4095
121 162 130 136 140 4095 4095 4095 1299 4095
125 155 197 107 156 4095 4095 4095 4095 4095
144 162 162 113 133 1307 4095 4095 4095 4095
138 159 120 105 141 1308 4095 4095 4095 4095
209 154 140 108 147 1307 4095 4095 4095 4095
153 158 134 114 84 1306 4095 4095 4095 4095
225 161 125 107 134 1307 4095 4095 4095 4095
141 151 125 110 117 1308 4095 4095 4095 4095
131 159 119 106 135 1307 4095 4095 4095 4095
172 161 148 110 174 1307 4095 4095 4095 4095
129 161 135 109 154 1307 4095 4095 4095 4095
132 164 169 117 133 1307 4095 4095 4095 4095
118 161 159 136 118 4095 4095 4095 1299 4095
140 168 156 120 76 1308 4095 4095 4095 4095
521 166 172 117 140 1307 4095 4095 4095 4095
138 158 150 111 182 1308 4095 4095 4095 4095
169 157 149 108 191 1307 4095 4095 4095 4095
137 156 136 102 197 1308 4095 4095 4095 4095
122 157 223 109 156 4095 4095 1321 4095 4095
133 159 146 110 176 1308 4095 4095 4095 4095
129 153 133 108 153 1308 4095 4095 4095 4095
123 161 139 194 72 4095 4095 4095 1299 4095
321 241 252 132 185 1307 4095 4095 4095 4095
159 235 242 899 168 4095 4095 4095 1300 4095
159 161 160 116 123 1307 4095 4095 4095 4095
159 159 150 104 199 1307 4095 4095 4095 4095
150 157 136 113 92 1308 4095 4095 4095 4095
151 162 167 114 138 1308 4095 4095 4095 4095
122 161 197 108 136 4095 4095 1321 4095 4095
141 152 139 109 137 1307 4095 4095 4095 4095
147 158 123 103 149 1307 4095 4095 4095 4095
154 162 139 117 76 1308 4095 4095 4095 4095
149 164 159 116 104 1307 4095 4095 4095 4095
166 163 161 114 122 1306 4095 4095 4095 4095
173 163 169 114 144 1307 4095 4095 4095 4095
179 159 123 107 137 1307 4095 4095 4095 4095
133 163 169 170 139 4095 4095 4095 1323 4095
136 162 171 115 149 1307 4095 4095 4095 4095
142 160 136 117 78 1307 4095 4095 4095 4095
157 160 135 115 79 1307 4095 4095 4095 4095
127 163 302 117 79 4095 4095 1321 4095 4095
154 160 125 107 134 1307 4095 4095 4095 4095
156 165 155 115 109 1307 4095 4095 4095 4095
2335 164 169 117 140 1308 4095 4095 4095 4095
163 158 132 103 192 1306 4095 4095 4095 4095
856 231 195 124 152 1305 4095 4095 4095 4095
128 160 150 112 114 1307 4095 4095 4095 2547
158 156 150 108 195 1307 4095 4095 4095 4095
161 152 137 110 127 1307 4095 4095 4095 4095
124 164 170 215 136 4095 4095 4095 1298 4095
124 159 122 136 136 4095 4095 4095 1299 4095
134 159 147 112 167 1307 4095 4095 4095 4095
190 159 121 106 137 1307 4095 4095 4095 4095
145 163 156 114 110 1308 4095 4095 4095 4095
154 155 134 107 166 1307 4095 4095 4095 4095
137 162 161 116 122 1307 4095 4095 4095 4095
171 161 137 116 81 1306 4095 4095 4095 4095
348 151 140 109 131 1307 4095 4095 4095 4095
161 162 137 116 78 1307 4095 4095 4095 4095
129 147 125 158 106 4095 4095 4095 1299 4095
132 163 273 115 120 4095 4095 1320 4095 4095
142 161 158 113 128 1307 4095 4095 4095 4095
129 155 139 132 162 4095 4095 4095 1300 4095
166 155 135 108 157 1307 4095 4095 4095 4095
144 158 132 108 158 1308 4095 4095 4095 4095
171 160 146 105 202 1307 4095 4095 4095 4095
126 159 276 109 187 4095 4095 1322 4095 0
161 159 119 106 139 1308 4095 4095 4095 4095
149 157 137 115 84 1308 4095 4095 4095 4095
150 165 172 117 136 1308 4095 4095 4095 4095
178 148 131 111 150 1307 4095 4095 4095 4095
153 158 121 105 150 1307 4095 4095 4095 4095
169 159 149 109 188 1306 4095 4095 4095 4095
182 159 148 103 199 1307 4095 4095 4095 4095
411 214 196 113 288 1307 4095 4095 4095 4095
133 158 149 134 201 4095 4095 4095 1299 4095
124 160 232 114 146 4095 4095 1322 4095 4095
141 159 120 105 140 1307 4095 4095 4095 4095
129 157 123 219 144 4095 4095 4095 1299 4095
158 158 124 104 137 1307 4095 4095 4095 4095
130 160 131 157 147 4095 4095 4095 1300 4095
119 153 139 171 152 4095 4095 4095 1299 4095
130 152 137 144 139 4095 4095 4095 1299 4095
156 160 148 108 195 1307 4095 4095 4095 4095
135 157 148 106 195 1307 4095 4095 4095 4095
194 161 127 108 145 1307 4095 4095 4095 4095
135 161 169 114 142 1308 4095 4095 4095 4095
223 209 177 116 205 1307 4095 4095 4095 4095
136 158 127 103 154 1308 4095 4095 4095 4095
137 164 215 107 221 4095 4095 4095 4095 4095
177 156 133 103 202 1306 4095 4095 4095 4095
130 162 258 114 113 4095 4095 1321 4095 4095
161 166 159 119 102 1307 4095 4095 4095 4095
143 153 138 109 133 1306 4095 4095 4095 4095
146 165 163 118 118 1307 4095 4095 4095 4095
132 163 170 115 142 1307 4095 4095 4095 4095
156 158 150 106 207 1307 4095 4095 4095 4095
136 153 139 107 157 1307 4095 4095 4095 4095
124 153 202 109 145 4095 4095 1321 4095 4095
135 157 147 111 168 1308 4095 4095 4095 4095
137 159 133 108 156 1307 4095 4095 4095 4095
131 166 160 188 100 4095 4095 4095 1299 4095
138 155 135 114 80 1307 4095 4095 4095 4095
135 161 160 114 126 1307 4095 4095 4095 4095
162 221 219 225 160 4095 4095 4095 1299 4095
151 162 154 115 105 1307 4095 4095 4095 4095
148 158 145 104 203 1307 4095 4095 4095 4095
151 161 148 104 197 1308 4095 4095 4095 4095
145 157 124 104 147 1308 4095 4095 4095 4095
132 158 243 115 81 4095 4095 1321 4095 4095
145 242 215 233 61 4095 4095 4095 3763 4095
127 166 166 670 125 4095 4095 4095 1299 4095
139 162 157 113 100 1308 4095 4095 4095 4095
142 159 122 105 136 1307 4095 4095 4095 4095
187 161 137 117 82 1307 4095 4095 4095 4095
183 150 140 109 126 1308 4095 4095 4095 4095
133 162 170 167 144 4095 4095 4095 1300 4095
128 156 151 106 199 1308 4095 4095 4095 4095
156 153 141 107 147 1307 4095 4095 4095 4095
132 161 157 133 124 4095 4095 4095 1299 4095
157 164 172 116 141 1308 4095 4095 4095 4095
192 152 132 112 96 1308 4095 4095 4095 4095
144 156 135 114 80 1307 4095 4095 4095 4095
132 160 120 106 132 1307 4095 4095 4095 4095
140 161 138 117 74 1308 4095 4095 4095 4095
130 164 156 133 126 4095 4095 4095 1298 4095
170 157 133 114 77 1306 4095 4095 4095 4095
162 156 136 107 164 1306 4095 4095 4095 4095
154 153 136 108 156 1306 4095 4095 4095 4095
136 154 232 113 89 4095 4095 1321 4095 4095
151 160 152 111 176 1306 4095 4095 4095 4095
170 162 139 116 68 1306 4095 4095 4095 4095
133 164 271 118 136 4095 4095 1321 4095 4095
138 156 299 113 76 4095 4095 1320 4095 4095
139 160 131 107 144 1308 4095 4095 4095 4095
173 165 156 115 111 1307 4095 4095 4095 4095
194 155 130 102 173 1307 4095 4095 4095 4095
135 156 134 107 159 1307 4095 4095 4095 4095
164 164 171 117 135 1306 4095 4095 4095 4095
137 160 161 114 138 1308 4095 4095 4095 4095
390 267 219 134 155 1307 4095 4095 4095 863
1333 222 154 116 174 1308 4095 4095 4095 4095
126 160 150 134 162 4095 4095 4095 1298 4095
171 149 126 112 109 1307 4095 4095 4095 4095
132 156 133 108 166 1308 4095 4095 4095 4095
146 157 133 114 82 1308 4095 4095 4095 4095
136 159 150 109 186 1308 4095 4095 4095 4095
153 167 155 115 105 1308 4095 4095 4095 4095
114 156 140 144 159 4095 4095 4095 1299 4095
152 160 150 108 199 1307 4095 4095 4095 4095
132 156 135 108 162 1308 4095 4095 4095 4095
122 165 271 115 138 4095 4095 1319 4095 4095
154 159 121 105 146 1307 4095 4095 4095 4095
169 162 125 108 135 1308 4095 4095 4095 4095
137 164 166 118 123 1308 4095 4095 4095 4095
145 159 135 114 77 1306 4095 4095 4095 4095
128 158 133 114 81 4095 4095 4095 4095 4095
122 163 173 154 135 4095 4095 4095 1299 4095
233 199 174 118 161 1312 4095 4095 4095 4095
147 154 139 108 158 1306 4095 4095 4095 4095
142 161 150 110 178 1308 4095 4095 4095 4095
125 158 122 125 141 4095 4095 4095 1298 4095
156 163 160 114 121 1308 4095 4095 4095 4095
173 163 162 115 111 1307 4095 4095 4095 4095
209 156 151 107 203 1306 4095 4095 4095 4095
163 162 155 114 109 1307 4095 4095 4095 4095
163 156 133 113 88 1307 4095 4095 4095 4095
207 163 168 113 137 1306 4095 4095 4095 4095
139 157 122 105 142 1308 4095 4095 4095 4095
125 155 215 110 114 4095 4095 4095 4095 4095
126 165 155 154 80 4095 4095 4095 1299 4095
285 150 138 109 140 1307 4095 4095 4095 4095
147 158 119 105 138 1307 4095 4095 4095 4095
163 221 1466 125 1126 4095 4095 1318 4095 1366
163 165 170 116 146 1306 4095 4095 4095 4095
142 157 150 110 188 1307 4095 4095 4095 4095
123 156 134 137 90 4095 4095 4095 1299 4095
134 157 134 159 78 4095 4095 4095 1299 4095
135 167 157 141 87 4095 4095 4095 1298 4095
139 160 137 115 73 1308 4095 4095 4095 4095
158 153 139 108 141 1307 4095 4095 4095 4095
121 158 132 145 144 4095 4095 4095 1299 4095
138 152 139 108 144 1308 4095 4095 4095 4095
133 155 199 112 97 4095 4095 1321 4095 4095
131 152 139 109 141 1308 4095 4095 4095 4095
127 156 133 108 158 1308 4095 4095 4095 4095
129 160 121 106 143 1308 4095 4095 4095 4095
471 202 171 121 133 1307 4095 4095 4095 4095
153 165 170 116 151 1307 4095 4095 4095 4095
169 157 132 103 179 1306 4095 4095 4095 4095
1530 224 236 132 185 1308 4095 4095 4095 4095
125 165 166 195 129 4095 4095 4095 1299 4095
158 160 148 112 154 1308 4095 4095 4095 4095
143 163 155 115 118 1307 4095 4095 4095 4095
172 149 135 110 120 1308 4095 4095 4095 4095
133 162 158 113 122 1307 4095 4095 4095 4095
136 157 135 116 77 1307 4095 4095 4095 4095
171 155 131 112 105 1306 4095 4095 4095 4095
116 211 135 103 183 4095 1326 4095 4095 1455
141 162 161 115 138 1308 4095 4095 4095 4095
129 161 140 198 76 4095 4095 4095 1299 4095
125 158 249 104 141 4095 4095 1321 4095 4095
126 166 145 117 80 1308 4095 4095 4095 2995
130 164 156 164 116 4095 4095 4095 1298 4095
151 162 168 114 144 1308 4095 4095 4095 4095
234 166 162 115 116 1307 4095 4095 4095 4095
154 158 148 104 198 1308 4095 4095 4095 4095
161 157 123 103 155 1307 4095 4095 4095 4095
178 166 171 118 142 1307 4095 4095 4095 4095
133 165 141 117 80 1307 4095 4095 4095 4095
120 159 230 103 198 4095 4095 1320 4095 4095
132 156 133 180 89 4095 4095 4095 1299 4095
186 198 175 116 191 1307 4095 4095 4095 4095
168 158 124 103 156 1307 4095 4095 4095 4095
180 152 139 110 124 1307 4095 4095 4095 4095
325 159 134 115 80 1307 4095 4095 4095 4095
235 218 205 128 106 1308 4095 4095 4095 4095
535 162 123 107 137 1308 4095 4095 4095 4095
115 157 133 102 165 1308 4095 4095 4095 656
170 149 131 111 117 1308 4095 4095 4095 4095
382 210 168 128 53 1307 4095 4095 4095 4095
161 158 150 106 197 1307 4095 4095 4095 4095
151 154 138 108 145 1306 4095 4095 4095 4095
162 154 131 112 104 1307 4095 4095 4095 4095
154 155 133 114 91 1308 4095 4095 4095 4095
164 162 160 114 128 1307 4095 4095 4095 4095
160 161 145 104 196 1307 4095 4095 4095 4095
157 163 155 115 110 1307 4095 4095 4095 4095
140 167 156 116 117 1308 4095 4095 4095 3186
127 162 170 165 138 4095 4095 4095 1299 4095
126 160 150 152 196 4095 4095 4095 1299 3981
141 161 160 113 127 1308 4095 4095 4095 4095
296 162 164 116 137 1308 4095 4095 4095 4095
150 162 137 116 78 1307 4095 4095 4095 4095
144 148 125 111 106 1306 4095 4095 4095 4095
116 160 148 110 165 1308 4095 4095 4095 1557
125 152 136 129 166 4095 4095 4095 1299 4095
159 154 134 107 162 1308 4095 4095 4095 4095
204 155 135 107 158 1308 4095 4095 4095 4095
132 163 159 135 119 4095 4095 4095 1299 4095
153 163 164 114 145 1308 4095 4095 4095 4095
145 153 135 108 168 1307 4095 4095 4095 4095
182 160 139 115 70 1306 4095 4095 4095 4095
127 157 131 178 184 4095 4095 4095 1298 4095
175 160 127 108 137 1310 4095 4095 4095 4095
129 150 137 200 135 4095 4095 4095 1299 4095
154 163 127 108 147 1307 4095 4095 4095 4095
142 163 154 115 112 1309 4095 4095 4095 4095
144 166 167 119 126 1308 4095 4095 4095 4095
142 166 160 117 114 1308 4095 4095 4095 4095
167 157 147 104 195 1307 4095 4095 4095 4095
143 155 132 112 104 1307 4095 4095 4095 4095
242 193 166 114 181 1308 4095 4095 4095 4095
151 162 150 109 180 1307 4095 4095 4095 4095
140 163 168 115 133 1307 4095 4095 4095 4095
146 160 149 111 181 1308 4095 4095 4095 4095
150 159 128 108 148 1306 4095 4095 4095 4095
128 158 122 1170 150 4095 4095 4095 1299 4095
156 161 160 114 114 1307 4095 4095 4095 4095
151 150 134 111 98 1306 4095 4095 4095 4095
141 155 141 108 150 1308 4095 4095 4095 4095
138 164 154 200 111 4095 4095 4095 1299 4095
136 161 138 117 71 1307 4095 4095 4095 4095
129 160 162 115 134 1307 4095 4095 4095 4095
129 154 140 108 153 1308 4095 4095 4095 4095
