469 160 151 107 202 1308 4095 4095 4095 4095
164 162 163 115 134 1307 4095 4095 4095 4095
151 154 140 109 144 1307 4095 4095 4095 4095
126 158 134 216 82 4095 4095 4095 1299 4095
136 157 132 108 164 1307 4095 4095 4095 4095
118 165 172 138 143 4095 4095 4095 1298 4095
165 160 150 112 173 1308 4095 4095 4095 1866
133 160 151 107 205 1308 4095 4095 4095 4095
132 160 147 126 197 4095 4095 4095 1299 4095
222 163 163 115 129 1306 4095 4095 4095 4095
146 164 164 116 135 1307 4095 4095 4095 4095
122 159 206 104 141 4095 4095 1321 4095 4095
144 156 125 103 150 1307 4095 4095 4095 4095
155 160 150 108 196 1307 4095 4095 4095 4095
142 167 170 118 134 1307 4095 4095 4095 4095
140 169 158 118 77 1308 4095 4095 4095 4095
152 163 170 114 149 1308 4095 4095 4095 4095
131 162 241 114 139 4095 4095 1321 4095 4095
133 167 168 118 138 1307 4095 4095 4095 4095
131 161 150 112 183 1307 4095 4095 4095 4095
158 154 134 108 169 1306 4095 4095 4095 4095
186 159 119 106 138 1307 4095 4095 4095 4095
194 163 170 116 135 1307 4095 4095 4095 4095
135 164 167 114 141 1307 4095 4095 4095 4095
138 161 130 158 140 4095 4095 4095 1299 4095
145 165 170 116 142 1307 4095 4095 4095 4095
150 153 133 112 94 1307 4095 4095 4095 4095
213 150 127 110 112 1307 4095 4095 4095 4095
165 148 131 111 115 1307 4095 4095 4095 4095
138 157 139 108 155 1307 4095 4095 4095 4095
144 164 156 113 114 1307 4095 4095 4095 4095
116 160 160 135 128 4095 4095 4095 1300 4095
124 161 120 164 142 4095 4095 4095 1299 4095
156 152 138 111 126 1307 4095 4095 4095 4095
151 156 133 111 91 1308 4095 4095 4095 4095
134 159 150 108 199 1308 4095 4095 4095 4095
143 150 134 111 118 1307 4095 4095 4095 4095
126 153 133 156 97 4095 4095 4095 1299 4095
133 169 171 116 127 1308 4095 4095 4095 4095
157 158 147 107 201 1308 4095 4095 4095 4095
156 157 124 104 141 1307 4095 4095 4095 4095
124 163 171 136 141 4095 4095 4095 1299 4095
138 165 163 115 117 1308 4095 4095 4095 4095
133 162 156 115 114 1308 4095 4095 4095 4095
128 160 276 115 147 4095 4095 1321 4095 4095
127 160 447 116 80 4095 4095 1320 4095 4095
166 227 174 246 50 4095 4095 4095 1300 4095
161 156 140 108 155 1308 4095 4095 4095 4095
121 164 166 162 129 4095 4095 4095 1299 4095
164 154 134 108 155 1307 4095 4095 4095 4095
136 161 128 108 141 1307 4095 4095 4095 4095
160 160 150 111 164 1308 4095 4095 4095 4095
115 169 165 120 103 1307 4095 4095 4095 1907
131 160 133 158 76 4095 4095 4095 1300 4095
127 161 258 116 127 4095 4095 1321 4095 4095
155 162 118 106 138 1307 4095 4095 4095 4095
168 162 135 116 96 1306 4095 4095 4095 4095
134 162 281 117 71 4095 4095 1320 4095 4095
152 168 160 118 106 1308 4095 4095 4095 4095
126 155 138 108 149 1307 4095 4095 4095 4095
145 231 232 223 177 4095 4095 4095 1298 4095
118 151 139 135 132 4095 4095 4095 1299 4095
240 161 149 105 203 1307 4095 4095 4095 4095
1120 261 245 137 137 1308 4095 4095 4095 4095
142 155 133 146 99 4095 4095 4095 1299 4095
159 154 140 108 135 1307 4095 4095 4095 4095
176 157 125 103 165 1306 4095 4095 4095 4095
170 164 169 115 133 1306 4095 4095 4095 4095
136 158 127 103 156 1307 4095 4095 4095 4095
141 161 127 108 140 1308 4095 4095 4095 4095
152 159 149 109 186 1307 4095 4095 4095 4095
147 151 134 110 113 1308 4095 4095 4095 4095
441 157 140 109 152 1307 4095 4095 4095 4095
162 160 119 105 134 1306 4095 4095 4095 4095
167 154 133 114 84 1306 4095 4095 4095 4095
147 161 130 108 156 1307 4095 4095 4095 4095
163 156 124 103 166 1307 4095 4095 4095 4095
133 159 132 115 77 1308 4095 4095 4095 4095
129 157 149 106 199 1308 4095 4095 4095 4095
148 160 150 107 196 1307 4095 4095 4095 4095
150 154 132 108 159 1307 4095 4095 4095 4095
185 163 167 115 141 1307 4095 4095 4095 4095
144 165 159 116 113 1307 4095 4095 4095 4095
150 159 157 114 152 1308 4095 4095 4095 4095
178 156 136 107 159 1306 4095 4095 4095 4095
141 154 134 108 163 1308 4095 4095 4095 4095
168 158 134 114 90 1308 4095 4095 4095 4095
131 327 157 118 91 4095 1326 4095 4095 4095
139 158 132 114 78 1309 4095 4095 4095 4095
149 164 167 115 144 1307 4095 4095 4095 4095
147 162 150 111 173 1307 4095 4095 4095 4095
142 153 129 110 108 1308 4095 4095 4095 4095
1441 214 199 117 285 1308 4095 4095 4095 4095
1479 222 148 113 181 1307 4095 4095 4095 4095
161 158 149 106 199 1305 4095 4095 4095 4095
146 154 133 113 91 1307 4095 4095 4095 4095
144 157 132 109 159 1307 4095 4095 4095 4095
138 160 135 114 82 1308 4095 4095 4095 4095
145 161 160 114 144 1307 4095 4095 4095 4095
137 162 159 113 152 1306 4095 4095 4095 4095
145 167 162 119 118 1308 4095 4095 4095 4095
146 158 146 106 195 1308 4095 4095 4095 4095
158 165 163 114 127 1307 4095 4095 4095 3245
126 159 150 144 198 4095 4095 4095 1298 4095
246 152 135 111 128 1307 4095 4095 4095 4095
123 161 121 104 143 1308 4095 4095 4095 4095
164 165 168 114 158 1307 4095 4095 4095 4095
128 161 161 114 144 1308 4095 4095 4095 4095
415 162 133 109 154 1307 4095 4095 4095 4095
135 162 137 116 61 1308 4095 4095 4095 4095
188 163 169 115 142 1307 4095 4095 4095 4095
655 164 169 115 139 1307 4095 4095 4095 4095
177 166 168 118 126 1308 4095 4095 4095 4095
119 163 155 190 122 4095 4095 4095 1300 4095
156 161 132 114 57 1309 4095 4095 4095 1074
129 165 217 116 107 4095 4095 4095 4095 4095
140 148 124 172 93 4095 4095 4095 1298 4095
127 165 169 134 139 4095 4095 4095 1299 4095
130 163 140 144 86 4095 4095 4095 1299 4095
127 163 156 139 110 4095 4095 4095 1298 4095
127 160 120 171 133 4095 4095 4095 1299 4095
138 155 132 108 164 1308 4095 4095 4095 4095
121 156 141 134 153 4095 4095 4095 1299 4095
132 158 147 112 165 4095 4095 4095 4095 4095
152 159 147 111 175 1308 4095 4095 4095 4095
127 154 134 168 163 4095 4095 4095 1299 4095
139 158 122 104 142 1309 4095 4095 4095 4095
133 161 123 108 135 1308 4095 4095 4095 4095
132 158 150 109 188 1308 4095 4095 4095 4095
122 155 208 108 148 4095 4095 1321 4095 4095
125 169 239 119 84 4095 4095 1320 4095 4095
133 160 119 103 141 1308 4095 4095 4095 4095
158 170 162 119 113 1307 4095 4095 4095 4095
126 165 234 118 133 4095 4095 1320 4095 4095
131 163 163 115 119 1308 4095 4095 4095 4095
240 164 160 117 118 1307 4095 4095 4095 4095
135 160 130 130 140 4095 4095 4095 1299 4095
146 159 149 109 173 1307 4095 4095 4095 4095
217 161 148 110 169 1307 4095 4095 4095 4095
122 156 216 108 154 4095 4095 1320 4095 4095
170 161 126 108 137 1308 4095 4095 4095 4095
131 163 160 113 124 1307 4095 4095 4095 4095
218 160 146 111 173 1307 4095 4095 4095 4095
135 161 242 108 136 4095 4095 1320 4095 4095
139 154 139 108 155 1307 4095 4095 4095 4095
140 163 144 117 73 1308 4095 4095 4095 4095
149 158 149 107 195 1308 4095 4095 4095 4095
132 160 126 107 134 1308 4095 4095 4095 4095
319 162 120 107 142 1307 4095 4095 4095 4095
134 159 124 107 131 1308 4095 4095 4095 4095
125 171 170 135 122 4095 4095 4095 4095 4095
147 161 159 114 147 1306 4095 4095 4095 4095
177 166 170 118 143 1306 4095 4095 4095 4095
131 160 122 104 143 1307 4095 4095 4095 4095
161 163 156 114 119 1306 4095 4095 4095 4095
142 162 161 113 132 1308 4095 4095 4095 4095
154 165 155 115 112 1306 4095 4095 4095 4095
147 156 136 112 117 1306 4095 4095 4095 3564
132 162 137 116 76 1308 4095 4095 4095 4095
131 163 160 115 124 1307 4095 4095 4095 4095
144 163 136 116 76 1307 4095 4095 4095 4095
145 163 159 114 119 1307 4095 4095 4095 4095
132 157 134 170 88 4095 4095 4095 1299 4095
160 157 148 107 207 1307 4095 4095 4095 4095
121 157 150 144 198 4095 4095 4095 1299 4095
154 229 206 287 289 4095 4095 4095 1299 4095
166 167 159 118 103 1307 4095 4095 4095 4095
131 157 263 114 94 4095 4095 1322 4095 4095
146 164 170 115 140 1307 4095 4095 4095 4095
169 162 158 113 128 1307 4095 4095 4095 4095
126 155 136 1485 123 4095 4095 4095 1298 4095
140 154 135 107 165 1308 4095 4095 4095 4095
125 158 368 104 132 4095 4095 1321 4095 4095
142 160 148 110 183 1308 4095 4095 4095 4095
154 163 170 115 133 1307 4095 4095 4095 4095
133 159 130 135 87 4095 4095 4095 1299 4095
154 158 150 108 199 1306 4095 4095 4095 4095
124 157 133 174 155 4095 4095 4095 1299 4095
132 152 141 108 146 1308 4095 4095 4095 4095
156 161 165 114 132 1308 4095 4095 4095 4095
151 164 144 118 70 1307 4095 4095 4095 4095
138 169 174 116 143 4095 4095 4095 4095 4095
130 157 127 104 156 1308 4095 4095 4095 4095
127 163 159 139 130 4095 4095 4095 1298 4095
171 169 155 119 74 1307 4095 4095 4095 4095
130 160 293 109 189 4095 4095 1320 4095 4095
173 157 133 103 197 1307 4095 4095 4095 4095
146 162 163 115 125 1306 4095 4095 4095 4095
121 161 121 176 134 4095 4095 4095 1300 4095
161 162 169 117 136 1307 4095 4095 4095 4095
158 162 169 115 136 1308 4095 4095 4095 4095
147 154 132 111 100 1307 4095 4095 4095 4095
133 156 133 245 101 4095 4095 4095 1298 4095
138 164 167 114 137 1308 4095 4095 4095 4095
190 153 129 112 108 1307 4095 4095 4095 4095
137 157 133 114 89 1308 4095 4095 4095 4095
127 159 207 114 76 4095 4095 1321 4095 4095
122 159 223 105 205 4095 4095 1320 4095 4095
146 159 149 110 182 1308 4095 4095 4095 4095
153 148 129 110 116 1308 4095 4095 4095 4095
159 154 134 114 96 1307 4095 4095 4095 4095
139 161 139 115 72 1307 4095 4095 4095 4095
184 157 135 108 159 1306 4095 4095 4095 4095
146 165 153 114 109 1308 4095 4095 4095 4095
138 162 120 107 140 1307 4095 4095 4095 4095
156 160 130 109 152 1307 4095 4095 4095 4095
129 151 128 143 107 4095 4095 4095 1300 4095
137 162 126 108 140 1307 4095 4095 4095 4095
214 163 156 114 112 1307 4095 4095 4095 4095
135 159 135 107 162 1307 4095 4095 4095 4095
125 155 139 162 112 4095 4095 4095 1299 3122
165 159 124 108 140 1307 4095 4095 4095 4095
143 161 147 111 167 1308 4095 4095 4095 4095
122 166 140 193 75 4095 4095 4095 1299 2955
140 155 138 109 155 1307 4095 4095 4095 4095
123 155 223 108 160 4095 4095 1320 4095 4095
158 154 137 107 157 1307 4095 4095 4095 4095
135 161 161 114 147 1307 4095 4095 4095 4095
145 164 170 117 139 1307 4095 4095 4095 4095
130 161 161 249 127 4095 4095 4095 1299 4095
131 156 134 164 74 4095 4095 4095 1300 4095
133 155 128 102 175 1308 4095 4095 4095 4095
143 163 162 115 128 1307 4095 4095 4095 4095
133 160 148 110 178 1308 4095 4095 4095 4095
128 156 138 159 153 4095 4095 4095 1299 4095
173 159 122 107 141 1307 4095 4095 4095 4095
171 152 138 109 135 1307 4095 4095 4095 4095
122 168 275 118 108 4095 4095 1320 4095 4095
127 166 250 115 115 4095 4095 1321 4095 4095
192 159 136 108 148 1307 4095 4095 4095 4095
147 162 134 116 78 1308 4095 4095 4095 4095
150 162 156 116 102 1308 4095 4095 4095 4095
135 163 156 200 92 4095 4095 4095 1299 4095
144 161 122 106 131 1307 4095 4095 4095 4095
212 156 132 108 167 1307 4095 4095 4095 4095
177 164 161 116 127 1306 4095 4095 4095 4095
123 155 128 197 166 4095 4095 4095 1298 4095
130 161 120 105 141 1308 4095 4095 4095 4095
159 163 156 115 115 1307 4095 4095 4095 4095
129 158 150 106 200 1308 4095 4095 4095 4095
130 162 122 195 140 4095 4095 4095 1299 4095
130 163 136 116 71 1307 4095 4095 4095 4095
125 160 123 106 139 1306 4095 4095 4095 4095
151 158 125 103 170 1308 4095 4095 4095 4095
138 158 135 107 168 1308 4095 4095 4095 4095
173 156 131 103 174 1307 4095 4095 4095 4095
140 159 122 103 146 1308 4095 4095 4095 4095
159 158 150 107 202 1306 4095 4095 4095 4095
141 155 134 108 162 1307 4095 4095 4095 4095
147 167 164 118 123 1307 4095 4095 4095 4095
178 156 132 113 93 1307 4095 4095 4095 4095
139 162 139 116 71 1307 4095 4095 4095 4095
186 159 148 112 161 1307 4095 4095 4095 4095
158 159 120 104 139 1308 4095 4095 4095 4095
119 159 123 199 150 4095 4095 4095 1299 4095
129 161 132 198 123 4095 4095 4095 1299 4095
252 161 130 107 147 1307 4095 4095 4095 4095
139 167 170 117 137 1308 4095 4095 4095 4095
155 160 153 108 198 1307 4095 4095 4095 4095
133 165 154 147 109 4095 4095 4095 1299 4095
132 164 144 118 78 1308 4095 4095 4095 4095
155 218 453 127 177 4095 4095 1321 4095 4095
150 152 139 108 149 1308 4095 4095 4095 4095
136 164 160 114 131 1308 4095 4095 4095 4095
132 161 160 161 126 4095 4095 4095 1300 4095
124 161 261 109 179 4095 4095 1321 4095 4095
135 162 162 115 134 1308 4095 4095 4095 4095
1332 214 167 127 58 1308 4095 4095 4095 4095
169 162 160 115 122 1308 4095 4095 4095 4095
121 162 122 580 138 4095 4095 4095 1299 4095
140 167 171 118 138 1308 4095 4095 4095 4095
196 159 137 114 75 1307 4095 4095 4095 4095
124 156 139 256 159 4095 4095 4095 1300 4095
123 158 118 131 132 4095 4095 4095 1300 4095
142 160 150 105 221 1308 4095 4095 4095 4095
156 157 149 107 198 1308 4095 4095 4095 4095
216 165 168 118 127 1308 4095 4095 4095 4095
129 165 241 113 140 4095 4095 1321 4095 4095
136 163 138 115 67 1307 4095 4095 4095 4095
144 153 134 111 96 1308 4095 4095 4095 4095
182 162 163 116 125 1307 4095 4095 4095 4095
157 161 166 114 164 1306 4095 4095 4095 4095
127 153 137 157 127 4095 4095 4095 1299 4095
132 158 188 103 145 4095 4095 1321 4095 4095
129 152 133 193 114 4095 4095 4095 1299 4095
145 160 118 105 135 1307 4095 4095 4095 4095
127 306 131 114 68 4095 1325 4095 4095 4067
132 164 397 119 131 4095 4095 1321 4095 4095
133 160 151 111 169 1308 4095 4095 4095 4095
140 158 129 103 170 1308 4095 4095 4095 4095
137 159 121 105 136 1308 4095 4095 4095 4095
166 157 150 107 201 1306 4095 4095 4095 4095
123 160 149 110 175 1307 4095 4095 4095 4095
204 164 167 118 132 1307 4095 4095 4095 4095
135 162 162 115 134 1306 4095 4095 4095 4095
231 160 163 114 143 1308 4095 4095 4095 4095
128 159 151 108 195 1308 4095 4095 4095 4095
129 157 126 103 162 1308 4095 4095 4095 4095
412 166 159 116 116 1306 4095 4095 4095 4095
162 160 149 106 194 1307 4095 4095 4095 4095
129 166 158 116 117 1308 4095 4095 4095 4095
159 156 127 103 155 1306 4095 4095 4095 4095
515 164 126 108 139 1307 4095 4095 4095 4095
150 158 149 104 201 1307 4095 4095 4095 4095
765 151 128 111 108 1309 4095 4095 4095 4095
138 164 155 147 105 4095 4095 4095 1299 4095
167 163 170 115 142 1307 4095 4095 4095 4095
161 161 158 115 147 1307 4095 4095 4095 4095
130 160 132 108 157 1307 4095 4095 4095 4095
200 155 135 108 157 1307 4095 4095 4095 4095
182 164 158 113 126 1307 4095 4095 4095 4095
161 159 149 109 178 1307 4095 4095 4095 4095
140 156 134 113 89 1308 4095 4095 4095 4095
173 154 128 112 105 1308 4095 4095 4095 4095
138 165 143 117 73 4095 4095 4095 4095 4095
126 164 160 115 119 1308 4095 4095 4095 4095
118 162 504 115 134 4095 4095 1319 4095 4095
129 163 222 114 136 4095 4095 4095 4095 4095
182 152 139 109 133 1307 4095 4095 4095 4095
138 162 130 108 144 1306 4095 4095 4095 4095
132 167 159 230 99 4095 4095 4095 1298 4095
148 166 168 114 143 1309 4095 4095 4095 4095
139 153 121 103 143 1307 4095 4095 4095 0
137 158 151 106 202 1307 4095 4095 4095 4095
122 157 137 170 169 4095 4095 4095 1298 4095
200 160 120 107 137 1308 4095 4095 4095 4095
137 155 134 108 169 1308 4095 4095 4095 4095
139 161 150 107 197 1307 4095 4095 4095 4095
171 154 139 110 140 1307 4095 4095 4095 4095
138 159 134 115 82 1308 4095 4095 4095 4095
147 159 150 107 203 1308 4095 4095 4095 4095
137 161 150 111 183 1307 4095 4095 4095 4095
169 161 151 109 204 1308 4095 4095 4095 4095
135 165 141 118 74 1308 4095 4095 4095 4095
216 220 213 125 134 1306 4095 4095 4095 4095
154 159 148 111 167 1307 4095 4095 4095 4095
133 154 137 110 135 1307 4095 4095 4095 4095
132 163 156 114 121 1308 4095 4095 4095 4095
153 166 167 118 123 1307 4095 4095 4095 4095
147 163 162 116 116 1307 4095 4095 4095 4095
147 158 151 109 175 1308 4095 4095 4095 4095
129 155 136 107 157 1307 4095 4095 4095 4095
164 154 133 112 103 1306 4095 4095 4095 4095
183 150 127 111 114 1307 4095 4095 4095 4095
142 164 156 114 118 1308 4095 4095 4095 4095
411 169 159 119 111 1307 4095 4095 4095 4095
157 221 214 858 144 4095 4095 4095 1299 4095
122 165 172 169 143 4095 4095 4095 1300 4095
135 159 186 105 136 4095 4095 1321 4095 4095
240 157 133 108 156 1307 4095 4095 4095 4095
163 163 159 114 133 1306 4095 4095 4095 4095
157 162 138 116 81 1307 4095 4095 4095 4095
137 163 125 108 137 1308 4095 4095 4095 4095
150 161 133 115 67 1306 4095 4095 4095 4095
141 164 170 115 134 1308 4095 4095 4095 4095
137 162 122 104 120 1309 4095 4095 4095 4095
576 162 149 105 197 1307 4095 4095 4095 4095
134 156 239 109 170 4095 4095 1321 4095 4095
131 160 134 108 153 1308 4095 4095 4095 4095
127 155 227 112 94 4095 4095 1321 4095 4095
130 163 161 137 118 4095 4095 4095 1299 4095
177 161 120 106 129 1308 4095 4095 4095 4095
122 150 139 146 131 4095 4095 4095 1298 4095
163 153 133 113 96 1307 4095 4095 4095 4095
151 163 169 116 181 1308 4095 4095 4095 4095
752 203 202 123 180 1308 4095 4095 4095 4095
125 164 167 114 173 1308 4095 4095 4095 0
131 159 232 111 187 4095 4095 1321 4095 4095
153 161 150 107 195 1307 4095 4095 4095 4095
128 166 139 182 80 4095 4095 4095 1299 4095
146 162 159 116 119 1309 4095 4095 4095 4095
165 153 136 107 155 1307 4095 4095 4095 4095
139 162 147 110 181 1307 4095 4095 4095 4095
180 162 161 114 129 1307 4095 4095 4095 4095
144 165 145 118 80 1308 4095 4095 4095 4095
187 164 160 113 130 1308 4095 4095 4095 4095
166 160 132 109 155 1307 4095 4095 4095 4095
147 164 163 113 136 1307 4095 4095 4095 4095
169 162 155 114 150 1307 4095 4095 4095 4095
133 167 172 115 141 1308 4095 4095 4095 4095
132 158 122 535 139 4095 4095 4095 1298 4095
169 155 134 102 195 1307 4095 4095 4095 4095
241 164 169 115 134 1307 4095 4095 4095 4095
137 152 129 163 110 4095 4095 4095 1300 4095
221 251 251 141 155 1307 4095 4095 4095 4095
124 161 127 150 130 4095 4095 4095 1300 4095
107 147 125 109 85 1308 4095 4095 4095 4095
129 165 142 143 70 4095 4095 4095 1299 4095
170 158 131 103 177 1307 4095 4095 4095 4095
197 165 170 118 140 1307 4095 4095 4095 4095
137 160 148 108 196 1308 4095 4095 4095 4095
550 165 156 115 116 1307 4095 4095 4095 4095
119 163 168 135 146 4095 4095 4095 1300 4095
122 156 139 276 147 4095 4095 4095 1299 4095
275 155 135 108 160 1307 4095 4095 4095 4095
184 151 137 110 124 1306 4095 4095 4095 4095
132 164 156 115 120 1307 4095 4095 4095 4095
175 163 154 115 111 1307 4095 4095 4095 4095
129 156 132 133 102 4095 4095 4095 1300 4095
141 160 119 106 141 1307 4095 4095 4095 4095
193 217 222 129 153 1309 4095 4095 4095 4095
132 152 218 109 119 4095 4095 1321 4095 4095
175 161 163 114 153 1308 4095 4095 4095 4095
122 156 149 125 198 4095 4095 4095 4095 4095
148 155 134 108 160 1306 4095 4095 4095 4095
155 157 133 115 80 1307 4095 4095 4095 4095
134 161 146 110 167 1308 4095 4095 4095 4095
144 165 144 118 88 1307 4095 4095 4095 4095
120 159 130 266 153 4095 4095 4095 1298 4095
171 163 155 115 110 1308 4095 4095 4095 4095
145 162 170 117 136 1308 4095 4095 4095 4095
145 162 159 113 122 1308 4095 4095 4095 4095
148 163 169 115 138 1307 4095 4095 4095 4095
132 160 159 113 152 1307 4095 4095 4095 4095
147 156 133 113 87 1307 4095 4095 4095 4095
148 155 134 108 167 1307 4095 4095 4095 4095
137 164 142 118 76 1308 4095 4095 4095 4095
131 168 164 150 121 4095 4095 4095 1299 4095
173 164 169 114 138 1307 4095 4095 4095 4095
135 162 160 116 144 1308 4095 4095 4095 4095
138 159 152 108 185 1308 4095 4095 4095 4095
169 163 161 114 134 1308 4095 4095 4095 4095
164 164 143 116 68 1307 4095 4095 4095 4095
153 167 156 119 79 1307 4095 4095 4095 4095
250 156 133 103 190 1306 4095 4095 4095 4095
145 164 154 114 117 1307 4095 4095 4095 4095
126 160 133 133 169 4095 4095 4095 1299 4095
180 161 163 114 138 1308 4095 4095 4095 4095
183 152 138 109 129 1307 4095 4095 4095 4095
123 163 203 117 71 4095 4095 4095 4095 4095
180 150 128 111 113 1307 4095 4095 4095 4095
164 162 142 118 74 1307 4095 4095 4095 4095
151 161 139 117 68 1306 4095 4095 4095 4095
134 163 169 653 133 4095 4095 4095 1299 4095
127 158 151 114 152 1308 4095 4095 4095 4095
125 158 120 138 131 4095 4095 4095 1299 4095
122 158 151 127 189 4095 4095 4095 1298 4095
141 159 149 107 201 1308 4095 4095 4095 4095
154 155 134 108 164 1307 4095 4095 4095 4095
160 155 139 107 153 1306 4095 4095 4095 4095
128 162 137 136 70 4095 4095 4095 1299 4095
160 163 165 114 137 1307 4095 4095 4095 4095
123 166 162 114 81 1308 4095 4095 4095 2681
149 211 194 1485 286 4095 4095 4095 1299 4095
173 219 154 1319 175 4095 4095 4095 1299 4095
124 164 156 174 104 4095 4095 4095 1300 4095
127 161 149 151 177 4095 4095 4095 1299 4095
170 162 122 107 141 1308 4095 4095 4095 4095
163 165 170 118 129 1307 4095 4095 4095 4095
158 160 163 114 131 1308 4095 4095 4095 4095
147 156 122 104 151 1308 4095 4095 4095 4095
173 157 132 114 75 1307 4095 4095 4095 4095
146 161 127 108 134 1307 4095 4095 4095 4095
125 163 159 115 142 1307 4095 4095 4095 4095
164 163 156 114 107 1306 4095 4095 4095 4095
155 159 128 107 139 1307 4095 4095 4095 4095
136 160 131 108 132 1307 4095 4095 4095 4095
137 159 135 115 77 1307 4095 4095 4095 4095
130 164 168 113 137 1307 4095 4095 4095 4095
128 158 152 107 201 1308 4095 4095 4095 4095
130 157 121 139 135 4095 4095 4095 1299 4095
133 160 149 104 197 1308 4095 4095 4095 4095
153 160 121 108 135 1307 4095 4095 4095 4095
139 147 124 179 117 4095 4095 4095 1299 4095
136 166 164 189 122 4095 4095 4095 1299 4095
1098 220 151 114 175 1308 4095 4095 4095 4095
158 157 137 108 160 1306 4095 4095 4095 4095
145 156 121 104 141 1308 4095 4095 4095 4095
147 147 124 111 111 1308 4095 4095 4095 4095
150 155 140 109 153 1307 4095 4095 4095 4095
125 154 129 110 67 1308 4095 4095 4095 490
138 159 121 105 144 1308 4095 4095 4095 4095
894 223 234 128 163 1307 4095 4095 4095 4095
121 155 291 108 160 4095 4095 1320 4095 4095
165 149 138 109 125 1307 4095 4095 4095 4095
176 159 134 114 68 1307 4095 4095 4095 4095
138 164 161 113 129 1308 4095 4095 4095 4095
138 158 162 114 142 1308 4095 4095 4095 4095
129 154 141 108 140 1308 4095 4095 4095 4095
648 167 162 120 96 1307 4095 4095 4095 4095
145 159 150 112 166 1308 4095 4095 4095 4095
149 154 134 112 94 1307 4095 4095 4095 4095
146 166 169 117 133 1309 4095 4095 4095 4095
155 160 122 107 134 1307 4095 4095 4095 4095
150 160 119 107 126 1307 4095 4095 4095 4095
183 163 156 114 112 1307 4095 4095 4095 4095
144 151 135 110 127 1307 4095 4095 4095 4095
129 155 136 107 160 1308 4095 4095 4095 4095
135 160 134 140 75 4095 4095 4095 1299 4095
137 163 158 114 122 4095 4095 4095 4095 4095
129 162 168 114 137 1306 4095 4095 4095 4095
165 161 122 107 137 1306 4095 4095 4095 4095
146 156 135 108 162 1308 4095 4095 4095 4095
143 166 168 118 133 1308 4095 4095 4095 4095
828 227 232 131 171 1308 4095 4095 4095 4095
136 157 132 107 158 1307 4095 4095 4095 4095
119 159 119 180 135 4095 4095 4095 1299 4095
140 163 172 117 138 4095 4095 4095 4095 4095
134 161 131 108 145 1308 4095 4095 4095 4095
134 152 241 109 135 4095 4095 1320 4095 4095
129 163 138 116 72 1308 4095 4095 4095 4095
134 161 132 108 170 1307 4095 4095 4095 4095
158 164 170 115 136 1306 4095 4095 4095 4095
132 161 123 108 133 1307 4095 4095 4095 4095
157 155 150 113 159 1307 4095 4095 4095 4095
147 160 149 108 191 1308 4095 4095 4095 4095
155 164 163 114 135 1307 4095 4095 4095 4095
121 159 150 184 183 4095 4095 4095 1298 4095
125 158 121 139 144 4095 4095 4095 1299 4095
121 154 141 288 137 4095 4095 4095 1299 4095
289 161 144 103 190 1307 4095 4095 4095 4095
151 165 169 116 133 1308 4095 4095 4095 4095
155 162 141 117 71 1306 4095 4095 4095 4095
157 158 134 103 191 1306 4095 4095 4095 4095
156 160 123 108 131 1307 4095 4095 4095 4095
150 166 169 117 133 1307 4095 4095 4095 4095
152 165 156 114 119 1306 4095 4095 4095 4095
130 151 138 192 121 4095 4095 4095 1299 4095
167 166 155 116 116 1307 4095 4095 4095 4095
142 165 167 115 144 1308 4095 4095 4095 4095
152 166 171 116 136 1307 4095 4095 4095 4095
150 158 146 111 167 1308 4095 4095 4095 4095
187 149 131 111 120 1306 4095 4095 4095 4095
128 159 120 104 129 1307 4095 4095 4095 4095
142 163 168 115 134 1306 4095 4095 4095 4095
161 156 150 106 196 1307 4095 4095 4095 4095
133 161 124 181 132 4095 4095 4095 1298 4095
133 164 160 116 109 1307 4095 4095 4095 4095
125 161 163 166 118 4095 4095 4095 1299 4095
149 161 138 117 76 1307 4095 4095 4095 4095
500 160 134 108 160 1308 4095 4095 4095 4095
122 163 161 192 122 4095 4095 4095 1299 4095
128 165 243 118 140 4095 4095 1321 4095 4095
178 162 161 116 125 1307 4095 4095 4095 4095
120 159 122 172 132 4095 4095 4095 1299 4095
133 161 121 105 135 1307 4095 4095 4095 4095
123 165 170 192 137 4095 4095 4095 1299 4095
132 160 119 105 138 1307 4095 4095 4095 4095
150 155 133 111 103 1308 4095 4095 4095 4095
123 153 139 108 148 1308 4095 4095 4095 4095
140 165 158 115 110 1308 4095 4095 4095 4095
145 152 140 108 157 1307 4095 4095 4095 4095
137 164 164 114 119 1308 4095 4095 4095 4095
130 152 138 158 121 4095 4095 4095 1299 4095
154 158 152 106 205 1307 4095 4095 4095 4095
133 159 125 104 136 1308 4095 4095 4095 4095
168 160 136 115 74 1306 4095 4095 4095 4095
134 166 169 199 139 4095 4095 4095 1299 4095
156 160 120 103 126 1307 4095 4095 4095 4095
134 161 149 111 178 1307 4095 4095 4095 4095
169 157 121 105 146 1306 4095 4095 4095 4095
155 160 133 114 77 1307 4095 4095 4095 4095
127 155 137 109 148 1308 4095 4095 4095 4095
155 163 155 115 112 1307 4095 4095 4095 4095
134 158 149 109 192 1308 4095 4095 4095 4095
165 159 128 109 146 1308 4095 4095 4095 4095
207 154 130 111 101 1307 4095 4095 4095 4095
144 159 148 109 186 1307 4095 4095 4095 4095
140 159 142 108 156 4095 4095 4095 4095 4095
146 152 137 108 130 1307 4095 4095 4095 4095
162 158 124 104 147 1307 4095 4095 4095 4095
148 202 174 252 136 4095 4095 4095 1299 4095
177 164 168 116 143 1308 4095 4095 4095 4095
160 160 149 105 198 1307 4095 4095 4095 4095
127 165 171 1132 138 4095 4095 4095 1299 4095
122 163 161 184 129 4095 4095 4095 1300 4095
250 166 166 118 139 1307 4095 4095 4095 4095
142 166 157 115 110 1307 4095 4095 4095 4095
133 160 135 115 77 1307 4095 4095 4095 4095
132 159 129 108 137 1308 4095 4095 4095 4095
153 161 121 107 132 1307 4095 4095 4095 4095
338 292 268 143 119 1306 4095 4095 4095 4095
106 164 160 115 103 4095 4095 4095 4095 2321
135 168 157 152 87 4095 4095 4095 1299 4095
123 170 153 365 81 4095 4095 4095 1299 4095
143 164 154 115 113 1308 4095 4095 4095 4095
126 168 167 217 116 4095 4095 4095 1299 4095
122 162 159 114 136 1308 4095 4095 4095 1703
268 159 151 109 189 1307 4095 4095 4095 4095
128 158 128 103 134 1307 4095 4095 4095 945
152 159 131 109 147 1306 4095 4095 4095 4095
129 151 218 108 141 4095 4095 1320 4095 4095
130 162 271 115 119 4095 4095 1320 4095 4095
141 161 137 116 71 1308 4095 4095 4095 4095
126 155 134 376 91 4095 4095 4095 1299 4095
126 154 139 108 160 1307 4095 4095 4095 4095
131 161 132 144 153 4095 4095 4095 1299 4095
143 166 161 119 104 1308 4095 4095 4095 4095
164 156 129 104 173 1307 4095 4095 4095 4095
146 160 149 105 199 1308 4095 4095 4095 4095
141 156 135 108 166 1307 4095 4095 4095 4095
162 158 148 110 156 1308 4095 4095 4095 4095
137 163 163 113 132 1308 4095 4095 4095 4095
135 162 155 115 110 1308 4095 4095 4095 4095
130 158 147 104 199 1308 4095 4095 4095 4095
134 159 148 107 211 1308 4095 4095 4095 4095
144 164 155 114 116 1307 4095 4095 4095 4095
152 164 164 119 108 1307 4095 4095 4095 4095
144 159 136 115 58 1307 4095 4095 4095 4095
157 148 132 111 115 1308 4095 4095 4095 4095
165 161 119 105 133 1307 4095 4095 4095 4095
159 163 155 115 110 1307 4095 4095 4095 4095
142 157 135 113 104 1307 4095 4095 4095 4095
158 168 156 120 77 1306 4095 4095 4095 4095
128 160 160 115 138 1308 4095 4095 4095 4095
196 154 139 108 160 1307 4095 4095 4095 4095
143 158 146 112 170 1307 4095 4095 4095 4095
142 159 133 102 184 1306 4095 4095 4095 4095
214 222 210 130 119 1308 4095 4095 4095 4095
111 164 154 132 92 4095 4095 4095 1300 930
135 164 170 418 131 4095 4095 4095 1299 4095
131 160 139 163 76 4095 4095 4095 1299 4095
160 153 136 110 110 1307 4095 4095 4095 4095
122 163 160 114 148 1308 4095 4095 4095 4095
126 163 159 189 136 4095 4095 4095 1299 4095
137 156 261 113 87 4095 4095 1321 4095 4095
160 148 127 111 119 1307 4095 4095 4095 4095
161 160 148 104 198 1307 4095 4095 4095 4095
122 164 139 739 66 4095 4095 4095 1299 4095
1173 216 201 116 286 1308 4095 4095 4095 4095
136 159 150 107 203 1307 4095 4095 4095 4095
257 155 134 113 90 1307 4095 4095 4095 4095
144 159 121 104 148 1308 4095 4095 4095 4095
154 158 131 109 159 1307 4095 4095 4095 4095
119 157 134 162 162 4095 4095 4095 1299 4095
129 160 130 213 140 4095 4095 4095 1300 4095
141 152 138 110 126 1307 4095 4095 4095 4095
130 164 144 118 73 4095 4095 4095 4095 4095
145 159 135 115 79 1308 4095 4095 4095 4095
2489 276 203 127 307 1307 4095 4095 4095 4095
140 161 122 107 137 1307 4095 4095 4095 4095
291 168 167 118 129 1306 4095 4095 4095 4095
136 162 148 112 166 1307 4095 4095 4095 4095
152 158 136 103 208 1307 4095 4095 4095 4095
131 159 805 107 136 4095 4095 1321 4095 4095
140 158 150 106 206 1307 4095 4095 4095 4095
171 162 162 115 135 1306 4095 4095 4095 4095
144 163 167 115 136 1308 4095 4095 4095 4095
145 162 163 116 103 1308 4095 4095 4095 4095
141 162 162 113 139 1307 4095 4095 4095 4095
130 157 121 103 154 1307 4095 4095 4095 4095
134 158 134 1201 79 4095 4095 4095 1299 4095
136 148 132 184 118 4095 4095 4095 1298 4095
138 163 160 114 146 1308 4095 4095 4095 4095
148 160 148 111 169 1308 4095 4095 4095 4095
117 159 232 105 131 4095 4095 1320 4095 4095
2751 218 171 125 92 1309 4095 4095 4095 4095
162 152 138 109 122 1307 4095 4095 4095 4095
139 164 136 116 67 1308 4095 4095 4095 4095
151 161 158 113 149 1306 4095 4095 4095 4095
118 155 123 102 136 1308 4095 4095 4095 166
254 215 176 117 216 1307 4095 4095 4095 4095
240 164 160 113 126 1307 4095 4095 4095 4095
154 165 156 114 111 1308 4095 4095 4095 4095
188 164 141 117 77 1307 4095 4095 4095 4095
119 164 140 238 76 4095 4095 4095 1298 4095
142 163 168 117 136 1308 4095 4095 4095 4095
130 162 138 229 75 4095 4095 4095 1300 4095
141 161 122 107 136 1308 4095 4095 4095 4095
148 162 137 117 80 1309 4095 4095 4095 4095
142 161 158 113 133 1308 4095 4095 4095 4095
690 155 133 111 104 1306 4095 4095 4095 4095
126 161 242 107 136 4095 4095 1321 4095 4095
179 159 147 110 187 1307 4095 4095 4095 4095
121 160 149 177 179 4095 4095 4095 1299 4095
147 163 140 116 69 1308 4095 4095 4095 4095
141 156 135 108 160 1308 4095 4095 4095 4095
1044 213 172 105 288 1308 4095 4095 4095 4095
137 157 122 104 159 1308 4095 4095 4095 4095
145 164 172 116 139 1307 4095 4095 4095 4095
147 161 139 118 67 1308 4095 4095 4095 4095
466 160 133 115 85 1308 4095 4095 4095 4095
141 160 133 114 82 1308 4095 4095 4095 4095
142 164 170 116 135 1308 4095 4095 4095 4095
129 162 137 117 75 1307 4095 4095 4095 4095
120 161 131 142 156 4095 4095 4095 1299 4095
118 160 149 131 177 4095 4095 4095 1300 4095
167 161 133 107 147 1307 4095 4095 4095 4095
147 147 127 110 113 1308 4095 4095 4095 4095
125 162 201 117 78 4095 4095 1320 4095 4095
155 159 151 108 203 1308 4095 4095 4095 4095
321 155 140 107 161 1308 4095 4095 4095 4095
138 158 122 104 134 1307 4095 4095 4095 4095
153 164 166 117 136 1307 4095 4095 4095 4095
145 162 158 114 124 1308 4095 4095 4095 4095
127 166 163 118 121 1308 4095 4095 4095 4095
177 201 195 123 179 1305 4095 4095 4095 4095
131 157 125 141 149 4095 4095 4095 1300 4095
129 165 170 117 136 4095 4095 4095 4095 4095
358 151 136 110 113 1307 4095 4095 4095 4095
140 158 130 103 179 1307 4095 4095 4095 4095
143 160 133 108 147 1306 4095 4095 4095 4095
159 157 120 105 135 1307 4095 4095 4095 4095
176 164 169 117 141 1308 4095 4095 4095 4095
141 160 120 104 140 1308 4095 4095 4095 4095
156 152 140 109 131 1306 4095 4095 4095 4095
141 155 139 108 153 1306 4095 4095 4095 4095
136 161 156 413 102 4095 4095 4095 1299 4095
151 165 169 116 141 1307 4095 4095 4095 4095
127 161 152 109 190 1307 4095 4095 4095 4095
155 157 131 103 177 1306 4095 4095 4095 4095
140 160 129 109 133 1308 4095 4095 4095 4095
130 164 156 115 108 1308 4095 4095 4095 4095
137 160 148 113 157 1308 4095 4095 4095 4095
158 158 123 104 142 1308 4095 4095 4095 4095
149 159 152 105 199 1307 4095 4095 4095 4095
165 166 166 119 128 1307 4095 4095 4095 4095
166 164 171 116 145 1306 4095 4095 4095 4095
174 162 156 113 156 1307 4095 4095 4095 4095
139 160 149 106 201 1307 4095 4095 4095 4095
133 377 156 116 134 4095 1325 4095 4095 4095
141 162 159 113 120 1308 4095 4095 4095 4095
152 160 149 111 168 1307 4095 4095 4095 4095
122 157 122 174 137 4095 4095 4095 1299 4095
204 215 176 116 207 1307 4095 4095 4095 4095
516 148 127 110 110 1307 4095 4095 4095 4095
151 164 167 118 130 1307 4095 4095 4095 4095
130 167 232 119 123 4095 4095 4095 4095 4095
148 164 154 115 114 1308 4095 4095 4095 4095
146 156 135 106 155 1306 4095 4095 4095 4095
135 156 133 158 81 4095 4095 4095 1299 4095
151 162 137 117 76 1307 4095 4095 4095 4095
131 157 151 140 201 4095 4095 4095 1299 4095
136 156 201 114 95 4095 4095 1320 4095 4095
160 163 119 104 145 1308 4095 4095 4095 4095
217 154 138 107 160 1307 4095 4095 4095 4095
169 159 146 104 201 1306 4095 4095 4095 4095
159 158 132 114 88 1307 4095 4095 4095 4095
156 158 147 104 196 1306 4095 4095 4095 4095
164 222 705 110 165 4095 4095 1321 4095 4095
161 164 162 116 134 1307 4095 4095 4095 4095
128 158 134 108 160 1308 4095 4095 4095 4095
137 163 138 116 70 4095 4095 4095 4095 4095
127 159 148 107 195 1307 4095 4095 4095 4095
430 160 151 110 197 1306 4095 4095 4095 4095
154 161 138 116 78 1308 4095 4095 4095 4095
166 162 158 113 141 1307 4095 4095 4095 4095
136 160 124 108 132 1307 4095 4095 4095 4095
166 153 135 108 159 1306 4095 4095 4095 4095
134 164 142 138 79 4095 4095 4095 4095 4095
155 158 150 108 196 1307 4095 4095 4095 4095
145 157 131 108 154 1307 4095 4095 4095 4095
125 158 149 178 187 4095 4095 4095 1300 4095
1178 212 164 115 217 1309 4095 4095 4095 4095
136 166 142 118 73 1307 4095 4095 4095 4095
149 160 149 110 172 1308 4095 4095 4095 4095
177 157 135 114 81 1307 4095 4095 4095 4095
166 161 156 113 156 1307 4095 4095 4095 4095
123 159 137 988 160 4095 4095 4095 1299 4095
238 166 165 117 128 1306 4095 4095 4095 4095
704 164 159 116 117 1308 4095 4095 4095 4095
152 158 131 103 179 1307 4095 4095 4095 4095
141 163 159 115 146 1307 4095 4095 4095 4095
136 168 163 118 100 1308 4095 4095 4095 4095
173 166 143 117 79 1308 4095 4095 4095 4095
149 153 130 111 110 1308 4095 4095 4095 4095
129 164 236 116 140 4095 4095 4095 4095 4095
133 159 147 105 202 1306 4095 4095 4095 4095
115 162 295 115 134 4095 4095 1319 4095 4095
124 156 141 109 157 1308 4095 4095 4095 4095
132 160 131 151 144 4095 4095 4095 1299 4095
136 161 136 149 72 4095 4095 4095 1299 4095
141 170 155 119 73 1308 4095 4095 4095 4095
126 163 129 702 140 4095 4095 4095 1299 4095
131 153 132 201 92 4095 4095 4095 1300 4095
140 165 158 115 110 1307 4095 4095 4095 4095
130 163 143 118 75 1307 4095 4095 4095 4095
1067 221 220 129 162 1309 4095 4095 4095 4095
143 167 170 117 135 1307 4095 4095 4095 4095
139 159 119 107 137 1308 4095 4095 4095 4095
207 159 150 109 193 1307 4095 4095 4095 4095
169 155 130 112 107 1306 4095 4095 4095 4095
146 164 168 115 137 1308 4095 4095 4095 4095
155 162 166 114 143 1307 4095 4095 4095 4095
138 164 161 116 108 1307 4095 4095 4095 4095
165 160 163 115 136 1306 4095 4095 4095 4095
122 162 133 167 159 4095 4095 4095 1298 4095
161 163 157 113 127 1307 4095 4095 4095 4095
135 160 118 104 137 1308 4095 4095 4095 4095
123 154 219 108 115 4095 4095 1319 4095 4095
155 147 122 111 111 1308 4095 4095 4095 4095
844 211 166 115 216 1308 4095 4095 4095 4095
174 158 134 114 82 1307 4095 4095 4095 4095
138 161 124 107 145 1307 4095 4095 4095 4095
145 165 162 116 108 1307 4095 4095 4095 4095
128 161 159 113 152 1308 4095 4095 4095 4095
161 157 149 106 198 1307 4095 4095 4095 4095
165 162 150 108 195 1307 4095 4095 4095 4095
173 164 162 114 124 1307 4095 4095 4095 4095
134 149 127 111 107 1307 4095 4095 4095 4095
159 158 148 105 196 1306 4095 4095 4095 4095
154 164 139 117 72 1307 4095 4095 4095 4095
132 159 148 177 199 4095 4095 4095 1299 4095
135 156 128 103 179 1307 4095 4095 4095 4095
129 165 143 172 86 4095 4095 4095 1299 4095
140 162 161 115 135 1307 4095 4095 4095 4095
125 154 141 108 149 1307 4095 4095 4095 4095
133 159 132 109 161 1307 4095 4095 4095 4095
128 154 131 131 95 4095 4095 4095 1299 4095
121 159 150 158 192 4095 4095 4095 1299 4095
718 160 124 104 146 1309 4095 4095 4095 4095
172 154 133 107 163 1308 4095 4095 4095 4095
145 161 158 115 138 1307 4095 4095 4095 4095
183 167 160 119 113 1307 4095 4095 4095 4095
121 157 151 131 195 4095 4095 4095 1299 4095
137 160 148 111 178 1308 4095 4095 4095 4095
134 164 172 117 136 1307 4095 4095 4095 4095
174 164 154 113 116 1307 4095 4095 4095 4095
124 152 139 169 143 4095 4095 4095 1298 4095
141 160 120 105 138 1307 4095 4095 4095 4095
183 151 138 108 142 1307 4095 4095 4095 4095
135 156 136 108 164 1308 4095 4095 4095 4095
165 229 237 995 173 4095 4095 4095 1299 4095
126 161 119 124 136 4095 4095 4095 1299 4095
139 157 133 109 150 1308 4095 4095 4095 4095
142 156 130 103 192 1308 4095 4095 4095 4095
128 165 158 192 113 4095 4095 4095 1299 4095
124 164 161 206 125 4095 4095 4095 1299 4095
155 213 183 288 172 4095 4095 4095 1299 4095
162 151 139 110 137 1307 4095 4095 4095 4095
117 162 149 157 172 4095 4095 4095 1298 4095
1646 283 287 151 165 1309 4095 4095 4095 4095
154 165 161 117 114 1307 4095 4095 4095 4095
149 162 157 115 109 1308 4095 4095 4095 4095
150 166 170 118 137 1307 4095 4095 4095 4095
149 162 125 107 132 1307 4095 4095 4095 4095
151 152 139 109 143 1307 4095 4095 4095 4095
131 285 134 108 161 4095 1326 4095 4095 4095
136 159 150 107 201 1308 4095 4095 4095 4095
158 160 148 111 171 1307 4095 4095 4095 4095
418 154 131 112 109 1307 4095 4095 4095 4095
139 157 122 104 124 1308 4095 4095 4095 4095
128 161 144 108 156 4095 4095 4095 4095 4095
145 165 140 118 80 1307 4095 4095 4095 4095
138 164 159 115 120 1307 4095 4095 4095 4095
127 161 152 132 175 4095 4095 4095 1299 4095
160 154 136 107 159 1306 4095 4095 4095 4095
122 157 198 102 176 4095 4095 1320 4095 4095
157 156 134 107 164 1308 4095 4095 4095 4095
133 156 149 113 162 1307 4095 4095 4095 4095
172 162 161 115 140 1307 4095 4095 4095 4095
187 159 146 111 183 1307 4095 4095 4095 4095
122 154 135 171 163 4095 4095 4095 1300 4095
139 163 169 116 135 1308 4095 4095 4095 4095
140 166 161 118 102 1308 4095 4095 4095 4095
163 162 132 109 139 1307 4095 4095 4095 4095
133 165 155 115 114 1307 4095 4095 4095 4095
143 164 157 115 120 1307 4095 4095 4095 4095
164 164 140 118 76 1306 4095 4095 4095 4095
119 154 136 162 125 4095 4095 4095 1299 4095
166 158 133 109 161 1307 4095 4095 4095 4095
153 157 148 108 253 1307 4095 4095 4095 4095
143 158 147 107 198 1308 4095 4095 4095 4095
130 163 164 115 129 1308 4095 4095 4095 4095
167 156 134 113 89 1305 4095 4095 4095 4095
167 150 139 110 135 1306 4095 4095 4095 4095
160 156 134 108 156 1307 4095 4095 4095 4095
128 159 907 110 191 4095 4095 1320 4095 4095
141 166 166 119 127 1308 4095 4095 4095 4095
133 163 171 188 145 4095 4095 4095 1299 4095
154 160 157 114 145 1306 4095 4095 4095 4095
140 162 120 105 131 1307 4095 4095 4095 4095
146 162 120 107 137 1308 4095 4095 4095 4095
140 160 147 112 163 1307 4095 4095 4095 4095
3922 197 202 121 158 1309 4095 4095 4095 4095
129 161 231 115 70 4095 4095 1321 4095 4095
152 161 122 107 139 1307 4095 4095 4095 4095
118 157 132 202 162 4095 4095 4095 1299 4095
129 156 133 174 85 4095 4095 4095 1299 4095
179 154 134 113 92 1307 4095 4095 4095 4095
153 164 169 115 143 1307 4095 4095 4095 4095
120 167 165 160 126 4095 4095 4095 1299 4095
153 163 169 114 137 1308 4095 4095 4095 4095
157 162 130 109 144 1307 4095 4095 4095 4095
154 163 139 118 79 1306 4095 4095 4095 4095
135 165 170 115 137 1308 4095 4095 4095 4095
159 158 133 114 83 1307 4095 4095 4095 4095
182 166 156 115 120 1307 4095 4095 4095 4095
126 155 132 129 165 4095 4095 4095 1299 4095
1061 222 206 129 128 1308 4095 4095 4095 4095
132 164 156 139 112 4095 4095 4095 1300 4095
237 160 151 107 195 1308 4095 4095 4095 4095
135 160 147 112 169 1307 4095 4095 4095 4095
190 156 130 103 167 1307 4095 4095 4095 4095
141 162 128 108 140 1308 4095 4095 4095 4095
98 158 137 653 132 4095 4095 4095 1299 2048
170 165 153 115 117 1307 4095 4095 4095 4095
177 156 134 103 202 1306 4095 4095 4095 4095
150 161 161 115 134 1307 4095 4095 4095 4095
152 160 149 110 183 1307 4095 4095 4095 4095
122 159 150 163 196 4095 4095 4095 1300 4095
127 151 137 110 129 1307 4095 4095 4095 4095
157 165 169 118 125 1307 4095 4095 4095 4095
144 155 135 108 159 1308 4095 4095 4095 4095
138 153 133 113 95 1307 4095 4095 4095 4095
140 161 159 113 229 1308 4095 4095 4095 2499
130 163 154 164 112 4095 4095 4095 1298 4095
160 166 165 119 120 1307 4095 4095 4095 4095
150 164 160 115 114 1307 4095 4095 4095 4095
202 159 148 109 187 1308 4095 4095 4095 4095
155 160 159 114 153 1307 4095 4095 4095 4095
415 161 150 106 201 1307 4095 4095 4095 4095
163 165 155 115 118 1307 4095 4095 4095 4095
165 162 130 108 141 1307 4095 4095 4095 4095
185 159 132 107 139 1308 4095 4095 4095 4095
156 159 122 106 141 1308 4095 4095 4095 4095
141 151 139 110 140 4095 4095 4095 4095 4095
173 160 135 115 76 1307 4095 4095 4095 4095
150 157 148 107 187 1307 4095 4095 4095 4095
325 158 147 113 160 1307 4095 4095 4095 4095
145 159 148 105 201 1307 4095 4095 4095 4095
162 166 170 115 134 1306 4095 4095 4095 4095
127 160 118 176 139 4095 4095 4095 1299 4095
147 164 157 114 112 1308 4095 4095 4095 4095
162 166 159 115 113 1307 4095 4095 4095 4095
149 161 122 107 138 1308 4095 4095 4095 4095
1357 212 171 115 220 1308 4095 4095 4095 4095
224 243 224 140 80 1308 4095 4095 4095 4095
135 162 166 114 131 1307 4095 4095 4095 4095
219 154 140 110 130 1308 4095 4095 4095 4095
129 159 119 105 139 1307 4095 4095 4095 4095
170 159 121 104 134 1306 4095 4095 4095 4095
620 168 161 116 116 1307 4095 4095 4095 4095
119 166 157 157 116 4095 4095 4095 1299 4095
162 159 121 106 134 1307 4095 4095 4095 4095
124 156 227 108 164 4095 4095 1321 4095 4095
119 162 126 130 135 4095 4095 4095 1300 4095
122 157 150 135 233 4095 4095 4095 1299 4095
139 162 156 115 109 1308 4095 4095 4095 4095
140 165 171 117 143 1307 4095 4095 4095 4095
123 160 131 109 153 1308 4095 4095 4095 4095
873 213 175 115 212 1309 4095 4095 4095 4095
134 155 132 113 96 1308 4095 4095 4095 4095
137 161 162 115 121 1307 4095 4095 4095 4095
138 165 172 116 128 1307 4095 4095 4095 4095
158 165 159 116 106 1307 4095 4095 4095 4095
186 162 150 108 157 1307 4095 4095 4095 2700
127 166 171 182 133 4095 4095 4095 1299 4095
151 155 135 115 82 1307 4095 4095 4095 4095
174 165 155 115 110 1307 4095 4095 4095 4095
212 168 164 119 110 1308 4095 4095 4095 4095
143 156 149 107 199 1308 4095 4095 4095 4095
145 160 159 114 154 1307 4095 4095 4095 4095
129 154 135 107 165 1307 4095 4095 4095 4095
134 158 122 107 141 1308 4095 4095 4095 4095
164 156 125 104 145 1306 4095 4095 4095 4095
124 164 162 907 123 4095 4095 4095 1300 4095
146 157 136 109 160 1307 4095 4095 4095 4095
137 159 122 106 135 1307 4095 4095 4095 4095
135 161 128 107 137 1306 4095 4095 4095 4095
139 152 138 109 133 1306 4095 4095 4095 4095
137 161 138 115 74 1307 4095 4095 4095 4095
149 164 163 115 134 1307 4095 4095 4095 4095
176 163 155 115 106 1307 4095 4095 4095 4095
120 159 151 171 199 4095 4095 4095 1299 4095
162 158 152 105 204 1306 4095 4095 4095 4095
203 181 150 118 109 1306 4095 4095 4095 4095
135 153 139 109 146 1307 4095 4095 4095 4095
126 165 160 115 125 1307 4095 4095 4095 4095
178 153 139 109 128 1307 4095 4095 4095 4095
132 158 186 104 106 4095 4095 1320 4095 4095
161 154 134 112 101 1307 4095 4095 4095 4095
121 150 127 163 113 4095 4095 4095 1299 4095
138 155 133 200 91 4095 4095 4095 1299 4095
161 149 129 111 119 1308 4095 4095 4095 4095
172 161 122 107 136 1308 4095 4095 4095 4095
169 160 120 106 128 1307 4095 4095 4095 4095
189 163 154 113 118 1307 4095 4095 4095 4095
245 192 157 112 198 1306 4095 4095 4095 4095
125 153 231 107 165 4095 4095 1320 4095 4095
393 146 128 111 118 1308 4095 4095 4095 4095
160 163 155 114 122 1307 4095 4095 4095 4095
129 162 160 116 127 1308 4095 4095 4095 4095
155 164 170 117 135 1306 4095 4095 4095 4095
145 159 121 104 146 1307 4095 4095 4095 4095
161 161 150 111 176 1307 4095 4095 4095 4095
153 163 162 115 132 1307 4095 4095 4095 4095
159 165 156 114 115 1306 4095 4095 4095 4095
128 163 161 115 151 1307 4095 4095 4095 4095
149 160 118 107 138 1308 4095 4095 4095 4095
162 165 156 114 109 1307 4095 4095 4095 4095
141 159 136 113 79 1307 4095 4095 4095 4095
149 167 171 118 140 1307 4095 4095 4095 4095
121 165 290 117 134 4095 4095 1320 4095 4095
133 159 126 104 129 1308 4095 4095 4095 4095
143 165 168 118 139 1308 4095 4095 4095 4095
155 161 140 117 74 1307 4095 4095 4095 4095
128 162 124 107 137 1308 4095 4095 4095 4095
177 155 134 108 162 1307 4095 4095 4095 4095
148 158 136 108 170 1306 4095 4095 4095 4095
144 160 122 108 139 1307 4095 4095 4095 4095
158 153 139 110 136 1308 4095 4095 4095 4095
140 162 168 115 134 1308 4095 4095 4095 4095
130 158 151 105 196 1308 4095 4095 4095 4095
131 158 146 176 163 4095 4095 4095 1299 4095
129 159 132 109 146 1308 4095 4095 4095 4095
154 156 131 112 91 1307 4095 4095 4095 4095
157 164 122 107 141 1307 4095 4095 4095 4095
139 158 161 115 142 1307 4095 4095 4095 4095
131 163 164 187 137 4095 4095 4095 1299 4095
