142 164 171 117 138 1307 4095 4095 4095 4095
139 161 157 113 156 1307 4095 4095 4095 4095
155 157 128 103 157 1307 4095 4095 4095 4095
493 166 170 117 145 1307 4095 4095 4095 4095
124 157 136 109 158 1307 4095 4095 4095 4095
130 166 165 189 120 4095 4095 4095 1299 4095
180 164 169 118 137 1307 4095 4095 4095 4095
119 165 161 161 148 4095 4095 4095 1299 3701
192 165 172 117 136 1307 4095 4095 4095 4095
166 152 139 109 146 1307 4095 4095 4095 4095
147 166 165 119 131 1307 4095 4095 4095 4095
133 157 273 106 210 4095 4095 1320 4095 4095
125 161 169 168 137 4095 4095 4095 1299 4095
138 157 131 103 186 1308 4095 4095 4095 4095
176 158 148 106 201 1307 4095 4095 4095 4095
177 160 122 108 139 1307 4095 4095 4095 4095
140 167 159 119 101 1308 4095 4095 4095 4095
157 163 160 114 132 1307 4095 4095 4095 4095
133 164 163 116 123 1308 4095 4095 4095 4095
172 163 164 113 138 1306 4095 4095 4095 4095
142 161 133 109 106 1307 4095 4095 4095 2448
177 159 134 108 156 1307 4095 4095 4095 4095
146 165 167 118 127 1306 4095 4095 4095 4095
151 159 131 109 147 1307 4095 4095 4095 4095
133 162 228 114 137 4095 4095 1320 4095 4095
144 163 156 114 108 1308 4095 4095 4095 4095
172 163 163 114 133 1308 4095 4095 4095 4095
118 158 124 539 150 4095 4095 4095 1299 4095
242 161 123 108 136 1308 4095 4095 4095 4095
136 151 133 111 116 1308 4095 4095 4095 4095
144 154 133 113 87 1308 4095 4095 4095 4095
117 160 159 165 156 4095 4095 4095 1299 4095
147 156 129 103 163 1307 4095 4095 4095 4095
113 163 160 134 131 4095 4095 4095 1299 4095
144 149 135 109 121 1307 4095 4095 4095 4095
138 162 137 116 80 1308 4095 4095 4095 4095
148 157 130 103 168 1307 4095 4095 4095 4095
137 164 154 115 115 1308 4095 4095 4095 4095
156 159 134 109 160 1307 4095 4095 4095 4095
313 162 171 115 142 1306 4095 4095 4095 4095
150 166 171 117 137 1308 4095 4095 4095 4095
135 158 123 104 139 1308 4095 4095 4095 4095
122 156 141 131 155 4095 4095 4095 1298 4095
181 164 139 117 70 1308 4095 4095 4095 4095
125 165 254 109 167 4095 4095 4095 4095 4095
156 160 148 110 182 1307 4095 4095 4095 4095
116 160 148 171 173 4095 4095 4095 1299 4095
125 162 161 132 140 4095 4095 4095 1298 4095
133 162 248 114 143 4095 4095 1321 4095 4095
363 160 149 105 204 1307 4095 4095 4095 4095
128 154 139 169 153 4095 4095 4095 1299 0
126 156 134 358 159 4095 4095 4095 1298 4095
129 151 238 110 141 4095 4095 1321 4095 4095
145 161 149 105 199 1308 4095 4095 4095 4095
121 161 160 181 129 4095 4095 4095 1299 4095
150 163 160 115 120 1307 4095 4095 4095 4095
125 161 126 108 135 1308 4095 4095 4095 4095
124 161 148 191 194 4095 4095 4095 1299 4095
136 154 139 109 145 1308 4095 4095 4095 4095
114 151 234 107 199 4095 4095 1321 4095 0
120 164 143 188 84 4095 4095 4095 1300 4095
131 154 227 109 145 4095 4095 4095 4095 4095
143 162 154 116 108 1307 4095 4095 4095 4095
153 161 160 115 118 1307 4095 4095 4095 4095
123 162 271 115 128 4095 4095 1320 4095 4095
303 228 208 129 121 1308 4095 4095 4095 4095
133 152 136 164 112 4095 4095 4095 1298 4095
131 156 512 108 158 4095 4095 1321 4095 4095
130 164 558 118 139 4095 4095 1319 4095 4095
133 161 163 193 130 4095 4095 4095 1299 4095
150 161 149 111 162 1308 4095 4095 4095 4095
117 157 212 108 150 4095 4095 1321 4095 4095
120 153 135 107 114 1308 4095 4095 4095 4095
128 171 157 119 100 1308 4095 4095 4095 3173
130 161 139 145 76 4095 4095 4095 1299 4095
238 161 164 115 125 1307 4095 4095 4095 4095
127 163 162 115 141 1307 4095 4095 4095 4095
118 161 159 148 148 4095 4095 4095 1298 4095
156 160 130 107 134 1306 4095 4095 4095 4095
228 160 149 109 185 1307 4095 4095 4095 4095
147 160 146 104 200 1308 4095 4095 4095 4095
132 159 232 104 189 4095 4095 1321 4095 4095
105 167 227 118 79 4095 4095 4095 4095 819
145 166 168 118 146 1308 4095 4095 4095 4095
161 162 169 115 145 1306 4095 4095 4095 4095
194 154 137 109 158 1307 4095 4095 4095 4095
127 155 132 155 92 4095 4095 4095 1300 4095
141 159 122 106 121 1307 4095 4095 4095 4095
125 164 246 115 236 4095 4095 1320 4095 3796
4095 233 195 131 164 1307 4095 4095 4095 4095
157 159 124 107 161 1307 4095 4095 4095 4095
133 154 134 107 155 1308 4095 4095 4095 4095
208 218 143 114 166 1307 4095 4095 4095 4095
131 164 163 114 135 1307 4095 4095 4095 4095
128 158 151 173 205 4095 4095 4095 1300 4095
150 160 150 107 172 1307 4095 4095 4095 4095
128 161 202 107 141 4095 4095 1320 4095 4095
171 158 152 107 197 1307 4095 4095 4095 4095
121 161 148 136 178 4095 4095 4095 1299 4095
132 162 129 108 146 4095 4095 4095 4095 4095
152 163 166 114 136 1307 4095 4095 4095 4095
130 159 222 104 197 4095 4095 1320 4095 4095
170 152 136 110 122 1308 4095 4095 4095 4095
144 153 139 108 150 1307 4095 4095 4095 4095
172 164 169 116 134 1307 4095 4095 4095 4095
165 157 147 113 163 1307 4095 4095 4095 4095
204 165 156 116 112 1307 4095 4095 4095 4095
144 164 160 116 111 1307 4095 4095 4095 4095
174 159 150 108 166 1307 4095 4095 4095 4095
192 158 132 102 193 1307 4095 4095 4095 4095
167 163 166 113 148 1307 4095 4095 4095 4095
127 160 150 108 199 1307 4095 4095 4095 4095
143 152 139 108 168 1307 4095 4095 4095 4095
122 155 337 108 167 4095 4095 1320 4095 4095
121 162 824 107 136 4095 4095 1320 4095 4095
146 165 169 118 137 1307 4095 4095 4095 4095
160 163 155 116 105 1307 4095 4095 4095 4095
167 159 147 104 195 1306 4095 4095 4095 4095
194 159 132 108 157 1307 4095 4095 4095 4095
128 167 159 149 88 4095 4095 4095 1298 4095
143 153 140 110 143 1308 4095 4095 4095 4095
147 157 136 107 160 1307 4095 4095 4095 4095
143 156 133 113 89 1308 4095 4095 4095 4095
150 158 151 106 200 1307 4095 4095 4095 4095
131 159 148 438 190 4095 4095 4095 1298 4095
165 161 155 113 109 1307 4095 4095 4095 4095
155 167 149 120 81 1308 4095 4095 4095 4095
126 156 134 137 86 4095 4095 4095 1298 4095
138 163 156 145 113 4095 4095 4095 1299 4095
171 163 155 113 114 1307 4095 4095 4095 4095
137 157 134 185 94 4095 4095 4095 1299 4095
134 159 119 105 138 1308 4095 4095 4095 4095
188 156 152 112 156 1308 4095 4095 4095 4095
138 163 156 115 116 1308 4095 4095 4095 4095
122 161 122 187 142 4095 4095 4095 1299 4095
145 164 157 115 118 1308 4095 4095 4095 4095
154 154 130 111 111 1307 4095 4095 4095 4095
686 168 168 118 131 1308 4095 4095 4095 4095
130 164 144 799 68 4095 4095 4095 1299 4095
122 160 226 106 143 4095 4095 1321 4095 4095
164 158 136 114 71 1308 4095 4095 4095 4095
156 165 169 116 135 1307 4095 4095 4095 4095
173 157 126 102 167 1307 4095 4095 4095 4095
134 153 134 107 142 1308 4095 4095 4095 4095
136 168 159 119 84 1307 4095 4095 4095 4095
156 152 139 110 140 1307 4095 4095 4095 4095
122 163 148 130 200 4095 4095 4095 1298 4095
138 158 120 103 142 1308 4095 4095 4095 4095
126 159 120 187 134 4095 4095 4095 1298 4095
128 153 138 158 135 4095 4095 4095 1300 4095
163 269 208 858 34 4095 4095 4095 1299 4095
138 155 139 109 155 1308 4095 4095 4095 4095
132 159 120 105 128 1307 4095 4095 4095 4095
170 157 150 112 164 1307 4095 4095 4095 4095
128 158 151 154 197 4095 4095 4095 1299 4095
164 165 145 118 74 1307 4095 4095 4095 4095
178 163 148 111 165 1308 4095 4095 4095 4095
165 164 141 118 70 1306 4095 4095 4095 4095
157 206 187 1422 253 4095 4095 4095 1299 4095
119 160 147 159 168 4095 4095 4095 1298 4095
174 164 172 116 140 1307 4095 4095 4095 4095
196 159 122 107 143 1308 4095 4095 4095 4095
138 166 163 119 99 1308 4095 4095 4095 4095
134 163 168 117 139 1308 4095 4095 4095 4095
119 152 138 517 133 4095 4095 4095 1299 4095
127 159 122 104 141 1308 4095 4095 4095 4095
127 158 133 102 202 1309 4095 4095 4095 4095
1329 222 157 116 175 1308 4095 4095 4095 4095
152 159 148 106 205 1307 4095 4095 4095 4095
134 160 122 104 141 1308 4095 4095 4095 4095
287 219 143 112 160 1307 4095 4095 4095 4095
125 159 200 109 155 4095 4095 4095 4095 4095
133 156 133 113 87 1308 4095 4095 4095 4095
128 160 148 109 188 1307 4095 4095 4095 4095
137 162 165 114 132 1307 4095 4095 4095 4095
127 166 172 677 131 4095 4095 4095 1299 4095
125 154 312 110 149 4095 4095 1321 4095 4095
152 159 134 114 90 1308 4095 4095 4095 4095
137 162 141 117 77 1308 4095 4095 4095 4095
131 154 140 108 144 1308 4095 4095 4095 4095
171 163 162 115 120 1307 4095 4095 4095 4095
142 163 169 114 149 1307 4095 4095 4095 4095
122 162 129 126 143 4095 4095 4095 1299 4095
157 150 138 110 125 1307 4095 4095 4095 4095
172 162 162 115 119 1307 4095 4095 4095 4095
157 165 158 114 127 1308 4095 4095 4095 4095
123 157 137 955 197 4095 4095 4095 1299 4095
127 164 154 166 114 4095 4095 4095 1298 4095
122 157 153 155 194 4095 4095 4095 1299 4095
140 166 138 116 74 1307 4095 4095 4095 4095
177 167 159 119 99 1306 4095 4095 4095 4095
174 165 143 118 75 1307 4095 4095 4095 4095
401 163 162 116 120 1308 4095 4095 4095 4095
130 157 122 104 137 1308 4095 4095 4095 4095
146 167 170 117 140 1307 4095 4095 4095 4095
125 171 200 109 140 4095 4095 4095 4095 4095
146 151 138 109 136 1307 4095 4095 4095 4095
149 160 136 115 81 1307 4095 4095 4095 4095
146 160 130 108 142 1309 4095 4095 4095 4095
119 162 135 265 74 4095 4095 4095 1299 4095
135 164 172 116 144 1307 4095 4095 4095 4095
148 153 134 107 157 1307 4095 4095 4095 4095
153 164 157 115 112 1307 4095 4095 4095 4095
308 206 193 117 244 1308 4095 4095 4095 4095
147 162 155 114 120 1308 4095 4095 4095 4095
154 161 162 116 135 1307 4095 4095 4095 4095
161 157 135 107 162 1306 4095 4095 4095 4095
243 164 156 115 108 1307 4095 4095 4095 4095
162 157 150 105 192 1307 4095 4095 4095 4095
134 157 127 133 200 4095 4095 4095 1298 4095
146 161 150 105 201 1307 4095 4095 4095 4095
145 154 127 111 111 1307 4095 4095 4095 4095
154 162 136 116 75 1306 4095 4095 4095 4095
138 162 158 113 154 1307 4095 4095 4095 4095
146 161 162 115 138 1307 4095 4095 4095 4095
305 165 158 114 118 1308 4095 4095 4095 4095
149 157 134 112 84 1306 4095 4095 4095 4095
166 152 141 108 132 1306 4095 4095 4095 4095
141 160 150 111 174 1306 4095 4095 4095 4095
166 161 135 115 78 1306 4095 4095 4095 4095
125 169 160 183 95 4095 4095 4095 1298 4095
124 153 141 108 150 1307 4095 4095 4095 4095
138 159 124 104 140 1308 4095 4095 4095 4095
130 160 124 349 140 4095 4095 4095 1299 4095
122 160 258 108 196 4095 4095 1320 4095 4095
182 164 172 115 135 1308 4095 4095 4095 4095
180 158 119 105 141 1307 4095 4095 4095 4095
150 160 135 116 69 1307 4095 4095 4095 4095
159 156 149 107 204 1308 4095 4095 4095 4095
126 166 163 149 122 4095 4095 4095 1299 4095
155 163 156 114 111 1307 4095 4095 4095 4095
117 155 149 135 246 4095 4095 4095 1299 0
131 160 161 114 146 1307 4095 4095 4095 4095
255 165 163 113 138 1307 4095 4095 4095 4095
151 162 156 115 114 1307 4095 4095 4095 4095
144 153 128 111 116 1307 4095 4095 4095 4095
163 155 133 113 96 1306 4095 4095 4095 4095
120 163 491 118 73 4095 4095 1320 4095 4095
133 166 164 120 113 1307 4095 4095 4095 4095
121 167 155 206 82 4095 4095 4095 1298 4095
124 160 258 113 157 4095 4095 1321 4095 4095
133 164 170 146 142 4095 4095 4095 1300 4095
135 163 163 116 128 1308 4095 4095 4095 4095
133 159 127 104 165 1308 4095 4095 4095 4095
176 162 162 115 147 1307 4095 4095 4095 4095
140 166 158 105 205 4095 4095 4095 4095 4095
137 157 151 112 156 1307 4095 4095 4095 4095
166 163 169 118 135 1307 4095 4095 4095 4095
145 166 169 117 134 1307 4095 4095 4095 4095
135 157 212 113 77 4095 4095 1321 4095 4095
146 151 138 110 116 1308 4095 4095 4095 4095
116 161 157 139 157 4095 4095 4095 1299 4095
132 164 170 185 147 4095 4095 4095 1298 4095
124 164 162 115 133 1308 4095 4095 4095 4095
150 152 137 109 128 1307 4095 4095 4095 4095
135 154 131 151 105 4095 4095 4095 1299 4095
131 162 168 154 135 4095 4095 4095 1299 4095
130 159 119 154 143 4095 4095 4095 1299 4095
152 156 136 107 165 1308 4095 4095 4095 4095
121 160 121 182 138 4095 4095 4095 1299 1497
152 155 132 110 103 1307 4095 4095 4095 4095
161 152 138 109 142 1307 4095 4095 4095 4095
170 158 135 115 78 1307 4095 4095 4095 4095
130 164 246 116 134 4095 4095 1320 4095 4095
162 163 161 116 119 1307 4095 4095 4095 4095
141 161 168 115 135 1307 4095 4095 4095 4095
132 157 218 113 156 4095 4095 1320 4095 4095
128 158 151 106 205 1307 4095 4095 4095 4095
119 167 228 118 120 4095 4095 1320 4095 4095
153 151 133 110 112 1307 4095 4095 4095 4095
125 522 133 114 86 4095 1326 4095 4095 4095
139 157 133 108 153 1309 4095 4095 4095 4095
187 165 169 118 139 1306 4095 4095 4095 4095
161 163 163 113 131 1307 4095 4095 4095 4095
152 160 149 110 189 1307 4095 4095 4095 4095
204 205 177 117 164 1308 4095 4095 4095 4095
137 158 147 113 161 1308 4095 4095 4095 4095
123 160 218 110 176 4095 4095 1319 4095 4095
230 157 136 109 181 1307 4095 4095 4095 3585
226 228 240 133 164 1307 4095 4095 4095 4095
141 166 166 119 136 1307 4095 4095 4095 4095
159 156 129 103 161 1306 4095 4095 4095 4095
144 158 149 108 200 1306 4095 4095 4095 4095
190 162 129 108 139 1307 4095 4095 4095 4095
157 167 163 118 109 1307 4095 4095 4095 4095
339 155 138 109 160 1307 4095 4095 4095 4095
143 160 121 107 143 1307 4095 4095 4095 4095
127 164 154 136 106 4095 4095 4095 1299 4095
185 161 159 114 125 1307 4095 4095 4095 4095
142 161 129 108 137 1307 4095 4095 4095 4095
612 158 134 114 89 1308 4095 4095 4095 4095
126 157 131 822 107 4095 4095 4095 1299 4095
128 168 164 170 114 4095 4095 4095 1300 4095
151 165 171 116 144 1307 4095 4095 4095 4095
4095 624 542 203 544 1307 4095 4095 4095 4095
152 159 150 111 175 1307 4095 4095 4095 4095
149 163 157 115 112 1308 4095 4095 4095 4095
140 162 158 115 108 1308 4095 4095 4095 4095
159 159 150 106 203 1306 4095 4095 4095 4095
138 158 134 109 163 1308 4095 4095 4095 4095
127 159 151 108 197 1307 4095 4095 4095 4095
170 159 151 107 201 1307 4095 4095 4095 4095
187 257 172 663 181 4095 4095 4095 1299 4095
159 161 138 117 72 1307 4095 4095 4095 4095
124 156 134 169 91 4095 4095 4095 1299 4095
187 155 133 112 91 1307 4095 4095 4095 4095
134 159 258 114 140 4095 4095 1320 4095 4095
126 164 160 117 113 1308 4095 4095 4095 4095
145 162 153 114 114 1307 4095 4095 4095 4095
127 161 149 159 187 4095 4095 4095 1297 4095
1593 224 211 125 212 1309 4095 4095 4095 4095
157 162 158 114 121 1307 4095 4095 4095 4095
121 155 136 1061 168 4095 4095 4095 1298 4095
135 153 134 108 165 1308 4095 4095 4095 4095
127 159 133 115 85 4095 4095 4095 4095 4095
142 163 172 115 129 1307 4095 4095 4095 4095
3994 204 191 126 110 1308 4095 4095 4095 4095
133 166 168 118 129 1308 4095 4095 4095 4095
146 163 155 115 116 1307 4095 4095 4095 4095
131 164 158 114 114 1307 4095 4095 4095 4095
153 163 138 116 81 1308 4095 4095 4095 4095
145 162 157 116 107 1308 4095 4095 4095 4095
127 164 155 192 111 4095 4095 4095 1300 4095
136 156 132 113 109 1307 4095 4095 4095 4095
153 201 194 193 125 4095 4095 4095 1296 4095
150 160 121 105 133 1306 4095 4095 4095 4095
137 147 126 137 116 4095 4095 4095 1299 4095
120 158 133 174 77 4095 4095 4095 1299 4095
129 163 162 115 135 1307 4095 4095 4095 4095
123 162 159 195 120 4095 4095 4095 1300 4095
169 160 121 107 145 1307 4095 4095 4095 4095
133 164 166 142 136 4095 4095 4095 1298 4095
117 162 148 132 183 4095 4095 4095 1299 4095
125 161 160 114 141 1308 4095 4095 4095 4095
147 156 135 108 163 1307 4095 4095 4095 4095
139 163 168 115 135 1308 4095 4095 4095 4095
173 161 124 107 112 1307 4095 4095 4095 4095
128 163 163 164 132 4095 4095 4095 1300 4095
132 157 246 106 207 4095 4095 1319 4095 4095
117 159 147 144 197 4095 4095 4095 1299 4095
161 157 146 104 207 1307 4095 4095 4095 4095
163 158 148 109 190 1305 4095 4095 4095 4095
125 152 138 127 195 4095 4095 4095 1299 4095
129 155 136 172 158 4095 4095 4095 1299 4095
437 164 171 118 137 1307 4095 4095 4095 4095
540 163 156 115 111 1307 4095 4095 4095 4095
152 162 160 116 121 1306 4095 4095 4095 4095
168 155 134 109 170 1307 4095 4095 4095 4095
126 164 136 172 77 4095 4095 4095 1299 4095
139 148 136 111 124 1308 4095 4095 4095 4095
132 162 300 114 105 4095 4095 1321 4095 4095
135 150 134 111 93 1308 4095 4095 4095 4095
149 159 136 115 81 1307 4095 4095 4095 4095
168 162 163 114 144 1307 4095 4095 4095 4095
121 163 161 175 125 4095 4095 4095 1299 4095
131 158 149 170 188 4095 4095 4095 1298 4095
496 160 162 115 142 1307 4095 4095 4095 4095
128 150 218 110 139 4095 4095 1320 4095 4095
126 161 148 156 173 4095 4095 4095 1299 4095
135 160 135 107 161 1308 4095 4095 4095 4095
135 150 194 110 109 4095 4095 1321 4095 4095
154 159 134 114 78 1307 4095 4095 4095 4095
120 164 257 114 131 4095 4095 1320 4095 4095
137 163 246 116 140 4095 4095 1320 4095 4095
122 160 234 108 194 4095 4095 1321 4095 4095
158 159 121 105 134 1307 4095 4095 4095 4095
125 154 141 150 143 4095 4095 4095 1299 4095
144 168 158 119 93 1307 4095 4095 4095 4095
121 157 221 107 199 4095 4095 1320 4095 4095
132 159 156 113 152 1308 4095 4095 4095 4095
141 158 123 104 149 1308 4095 4095 4095 4095
130 165 250 117 133 4095 4095 1321 4095 4095
204 163 140 117 63 1308 4095 4095 4095 4095
142 156 134 108 162 1308 4095 4095 4095 4095
182 164 159 116 113 1307 4095 4095 4095 4095
157 165 154 115 114 1307 4095 4095 4095 4095
145 161 137 117 68 1308 4095 4095 4095 4095
143 167 164 118 113 1306 4095 4095 4095 4095
136 157 134 113 82 1307 4095 4095 4095 4095
140 160 131 109 145 1308 4095 4095 4095 4095
183 163 141 118 85 1306 4095 4095 4095 4095
176 258 240 203 105 4095 4095 4095 1299 4095
132 163 168 116 140 1307 4095 4095 4095 4095
146 159 129 108 138 1307 4095 4095 4095 4095
136 161 160 114 148 1308 4095 4095 4095 4095
152 158 134 103 200 1307 4095 4095 4095 4095
146 165 169 115 138 1309 4095 4095 4095 4095
130 164 182 107 126 4095 4095 4095 4095 4095
128 160 162 140 149 4095 4095 4095 1299 4095
166 161 159 115 136 1307 4095 4095 4095 4095
158 168 157 119 106 1307 4095 4095 4095 4095
141 159 133 115 88 1307 4095 4095 4095 4095
132 162 162 114 135 1308 4095 4095 4095 4095
139 148 136 110 120 1307 4095 4095 4095 4095
120 161 149 216 180 4095 4095 4095 1299 4095
131 161 147 111 175 1309 4095 4095 4095 4095
127 163 159 134 141 4095 4095 4095 1299 4095
138 159 122 103 141 1309 4095 4095 4095 4095
120 160 224 110 187 4095 4095 1321 4095 4095
157 163 170 115 138 1307 4095 4095 4095 4095
190 207 143 108 176 1308 4095 4095 4095 4095
129 159 121 135 146 4095 4095 4095 1299 4095
139 153 140 109 139 1308 4095 4095 4095 4095
137 162 118 108 136 1308 4095 4095 4095 4095
126 156 135 855 86 4095 4095 4095 1299 4095
129 164 251 116 140 4095 4095 1321 4095 4095
132 157 124 103 156 1308 4095 4095 4095 4095
147 158 142 111 195 1308 4095 4095 4095 4095
170 159 134 108 146 1308 4095 4095 4095 4095
152 160 157 114 154 1308 4095 4095 4095 4095
278 159 121 105 136 1307 4095 4095 4095 4095
136 166 166 194 130 4095 4095 4095 1298 4095
134 164 141 119 72 1308 4095 4095 4095 4095
156 153 138 108 154 1307 4095 4095 4095 4095
143 161 147 110 171 1306 4095 4095 4095 4095
131 154 134 144 163 4095 4095 4095 1298 4095
174 162 148 111 168 1307 4095 4095 4095 4095
147 157 136 108 148 1308 4095 4095 4095 4095
123 151 374 110 120 4095 4095 1320 4095 4095
158 157 136 108 164 1307 4095 4095 4095 4095
119 159 147 111 170 1308 4095 4095 4095 4095
131 162 136 150 79 4095 4095 4095 1299 4095
118 162 148 182 174 4095 4095 4095 1298 4095
132 160 159 113 142 1308 4095 4095 4095 4095
1003 212 167 114 221 1309 4095 4095 4095 4095
266 151 137 110 123 1308 4095 4095 4095 4095
356 152 137 109 124 1307 4095 4095 4095 4095
129 154 130 165 98 4095 4095 4095 1299 4095
190 200 161 115 207 1307 4095 4095 4095 4095
162 156 133 114 86 1308 4095 4095 4095 99
134 158 150 112 156 1306 4095 4095 4095 4095
141 151 137 110 138 1306 4095 4095 4095 4095
156 158 127 103 157 1307 4095 4095 4095 4095
118 163 170 151 133 4095 4095 4095 1299 4095
156 161 158 115 151 1306 4095 4095 4095 4095
462 161 150 108 194 1306 4095 4095 4095 4095
154 162 138 117 82 1307 4095 4095 4095 4095
141 159 132 115 60 1308 4095 4095 4095 4095
158 158 152 111 167 1307 4095 4095 4095 4095
132 154 136 108 159 1308 4095 4095 4095 4095
119 162 132 171 152 4095 4095 4095 1299 4095
120 456 163 119 109 4095 1326 4095 4095 4095
132 166 166 194 126 4095 4095 4095 1299 4095
134 165 167 152 135 4095 4095 4095 1299 4095
153 158 132 108 141 1308 4095 4095 4095 4095
159 160 121 106 139 1307 4095 4095 4095 4095
130 164 142 855 87 4095 4095 4095 1300 4095
436 183 142 118 123 1307 4095 4095 4095 4095
132 164 142 159 77 4095 4095 4095 1299 4095
134 163 162 114 129 1308 4095 4095 4095 4095
123 165 279 118 129 4095 4095 1320 4095 4095
124 163 230 114 134 4095 4095 1321 4095 4095
124 157 212 114 156 4095 4095 4095 4095 4095
167 161 128 108 134 1307 4095 4095 4095 4095
163 152 137 109 145 1307 4095 4095 4095 4095
136 153 140 108 153 1308 4095 4095 4095 4095
136 159 149 105 209 1308 4095 4095 4095 4095
126 161 159 114 151 1308 4095 4095 4095 4095
149 157 148 106 195 1306 4095 4095 4095 4095
128 160 124 133 136 4095 4095 4095 1299 4095
149 167 172 116 144 1308 4095 4095 4095 4095
126 158 150 174 169 4095 4095 4095 1298 4095
131 160 254 108 202 4095 4095 1321 4095 4095
149 159 121 104 138 1307 4095 4095 4095 4095
161 156 133 108 159 1307 4095 4095 4095 4095
137 153 130 157 96 4095 4095 4095 1300 4095
140 163 167 114 138 1308 4095 4095 4095 4095
147 161 119 106 137 1308 4095 4095 4095 4095
130 160 119 185 142 4095 4095 4095 1299 4095
483 205 199 125 218 1307 4095 4095 4095 4095
162 152 137 111 129 1307 4095 4095 4095 4095
126 150 272 111 119 4095 4095 1320 4095 4095
133 171 142 149 73 4095 4095 4095 4095 4095
138 166 170 118 131 1308 4095 4095 4095 4095
160 159 121 105 140 1307 4095 4095 4095 4095
125 156 123 138 141 4095 4095 4095 1299 4095
144 233 227 283 199 4095 4095 4095 1299 4095
122 161 160 115 139 1308 4095 4095 4095 4095
163 161 123 109 141 1307 4095 4095 4095 4095
119 166 168 557 135 4095 4095 4095 1299 4095
124 159 120 106 133 1307 4095 4095 4095 4095
150 159 148 103 203 1308 4095 4095 4095 4095
134 152 139 111 123 1308 4095 4095 4095 4095
152 166 173 116 145 1306 4095 4095 4095 4095
164 153 134 110 122 1306 4095 4095 4095 4095
164 162 157 114 131 1306 4095 4095 4095 4095
250 168 156 118 79 1308 4095 4095 4095 4095
123 165 170 154 135 4095 4095 4095 1299 4095
147 162 165 114 136 1307 4095 4095 4095 4095
135 157 149 106 199 1308 4095 4095 4095 4095
159 152 138 110 126 1306 4095 4095 4095 4095
134 158 132 190 79 4095 4095 4095 1298 4095
139 160 120 106 134 1308 4095 4095 4095 4095
129 160 127 188 139 4095 4095 4095 1299 4095
159 160 152 110 183 1306 4095 4095 4095 4095
167 157 133 109 149 1306 4095 4095 4095 4095
134 158 127 103 165 1308 4095 4095 4095 4095
193 160 162 115 139 1306 4095 4095 4095 4095
178 160 119 106 126 1307 4095 4095 4095 4095
150 162 160 113 115 1307 4095 4095 4095 4095
132 152 249 108 144 4095 4095 1320 4095 4095
186 158 149 104 195 1307 4095 4095 4095 4095
135 156 129 102 180 1308 4095 4095 4095 4095
153 159 149 109 189 1307 4095 4095 4095 4095
125 157 150 131 189 4095 4095 4095 1299 4095
123 158 133 740 82 4095 4095 4095 1299 4095
179 158 133 114 79 1307 4095 4095 4095 4095
148 163 168 115 177 1309 4095 4095 4095 4095
141 158 147 112 160 1307 4095 4095 4095 4095
150 161 150 109 188 1307 4095 4095 4095 4095
157 160 119 106 133 1306 4095 4095 4095 4095
166 162 134 109 153 1307 4095 4095 4095 4095
147 158 148 105 202 1308 4095 4095 4095 4095
124 164 172 196 137 4095 4095 4095 1299 4095
141 155 134 103 192 1308 4095 4095 4095 4095
133 155 129 103 176 1307 4095 4095 4095 4095
166 154 137 108 168 1307 4095 4095 4095 4095
134 159 132 108 152 1307 4095 4095 4095 4095
138 164 153 114 111 1308 4095 4095 4095 4095
125 157 135 131 161 4095 4095 4095 1299 4095
149 163 161 116 120 1308 4095 4095 4095 4095
161 159 123 105 144 1307 4095 4095 4095 4095
147 163 169 116 139 1307 4095 4095 4095 4095
117 165 170 163 130 4095 4095 4095 1299 4095
128 156 126 134 151 4095 4095 4095 1300 4095
119 159 150 150 164 4095 4095 4095 1300 4095
192 155 133 113 91 1307 4095 4095 4095 4095
137 157 150 111 159 1308 4095 4095 4095 4095
136 157 133 173 85 4095 4095 4095 1298 4095
129 152 138 109 142 1309 4095 4095 4095 4095
162 166 155 114 116 1308 4095 4095 4095 4095
129 149 627 111 115 4095 4095 1319 4095 4095
158 161 134 109 147 1307 4095 4095 4095 4095
2119 498 192 124 159 1324 1326 4095 4095 4095
127 152 139 152 127 4095 4095 4095 1299 4095
156 161 156 115 102 1308 4095 4095 4095 4095
116 160 151 152 190 4095 4095 4095 1299 4095
123 150 138 129 138 4095 4095 4095 1300 4095
153 156 135 109 160 1308 4095 4095 4095 4095
152 160 134 116 69 1308 4095 4095 4095 4095
162 158 121 104 129 1306 4095 4095 4095 4095
126 153 139 170 145 4095 4095 4095 1299 4095
144 158 145 111 159 1308 4095 4095 4095 4095
143 163 158 116 118 1308 4095 4095 4095 4095
146 163 143 118 74 1306 4095 4095 4095 4095
140 156 134 108 164 1307 4095 4095 4095 4095
130 161 167 151 131 4095 4095 4095 1299 4095
148 159 150 109 194 1308 4095 4095 4095 4095
128 157 270 107 208 4095 4095 1321 4095 4095
153 165 160 119 100 1308 4095 4095 4095 4095
114 158 149 165 189 4095 4095 4095 1299 4095
204 154 130 111 100 1307 4095 4095 4095 4095
140 151 138 110 123 1308 4095 4095 4095 4095
130 162 164 162 141 4095 4095 4095 1299 4095
148 160 149 111 174 1307 4095 4095 4095 4095
133 161 139 117 75 1307 4095 4095 4095 4095
141 156 133 108 171 1307 4095 4095 4095 4095
156 168 158 119 93 1307 4095 4095 4095 4095
149 165 161 116 114 1306 4095 4095 4095 4095
137 159 148 107 200 1307 4095 4095 4095 4095
149 159 149 111 187 1307 4095 4095 4095 4095
134 159 147 110 183 1307 4095 4095 4095 4095
125 161 160 173 120 4095 4095 4095 1299 4095
154 154 132 104 226 1308 4095 4095 4095 4095
125 159 121 1141 139 4095 4095 4095 1299 4095
129 151 224 110 131 4095 4095 1322 4095 4095
130 168 155 1044 115 4095 4095 4095 1299 4095
144 161 163 114 138 1308 4095 4095 4095 4095
139 157 149 106 200 1307 4095 4095 4095 4095
183 165 158 115 118 1306 4095 4095 4095 4095
118 165 201 118 69 4095 4095 4095 4095 4095
119 155 141 157 141 4095 4095 4095 1298 4095
128 161 128 161 136 4095 4095 4095 1299 4095
125 153 226 108 160 4095 4095 1320 4095 4095
155 159 123 107 143 1307 4095 4095 4095 4095
225 230 148 116 174 1307 4095 4095 4095 4095
145 158 150 108 206 1308 4095 4095 4095 4095
124 167 619 118 140 4095 4095 1319 4095 4095
1192 223 175 126 115 2303 4095 4095 4095 0
137 159 153 107 207 1307 4095 4095 4095 4095
119 158 132 162 74 4095 4095 4095 1299 4095
160 161 162 114 155 1307 4095 4095 4095 4095
165 158 151 107 197 1307 4095 4095 4095 4095
172 157 131 114 84 1307 4095 4095 4095 4095
576 157 137 114 87 1307 4095 4095 4095 4095
164 156 133 103 197 1306 4095 4095 4095 4095
127 161 327 108 142 4095 4095 1320 4095 4095
126 158 127 142 158 4095 4095 4095 1299 4095
150 154 132 114 91 1308 4095 4095 4095 4095
135 156 134 108 165 1308 4095 4095 4095 4095
120 155 132 108 147 1309 4095 4095 4095 341
107 163 192 106 103 4095 4095 1321 4095 1046
151 163 121 106 145 1311 4095 4095 4095 4095
246 162 138 116 72 1308 4095 4095 4095 4095
168 156 136 113 87 1306 4095 4095 4095 4095
169 162 156 115 116 1307 4095 4095 4095 4095
147 158 132 103 188 1307 4095 4095 4095 4095
146 160 131 108 148 1307 4095 4095 4095 4095
132 163 162 115 123 1307 4095 4095 4095 4095
133 163 156 180 111 4095 4095 4095 1300 4095
128 160 124 313 133 4095 4095 4095 1299 4095
149 157 136 113 81 1308 4095 4095 4095 4095
121 164 141 140 79 4095 4095 4095 1299 4095
142 160 152 105 193 1308 4095 4095 4095 4095
126 162 159 189 124 4095 4095 4095 1298 4095
118 161 130 223 143 4095 4095 4095 1298 4095
151 162 137 117 73 1306 4095 4095 4095 4095
151 166 168 118 122 1306 4095 4095 4095 4095
136 163 163 115 120 1307 4095 4095 4095 4095
120 154 225 108 145 4095 4095 1321 4095 4095
148 162 158 115 104 1307 4095 4095 4095 4095
155 160 149 110 176 1306 4095 4095 4095 4095
135 160 133 108 157 1308 4095 4095 4095 4095
153 149 133 109 128 1307 4095 4095 4095 4095
161 166 169 117 127 1308 4095 4095 4095 4095
138 151 136 110 127 1308 4095 4095 4095 4095
126 162 169 157 166 4095 4095 4095 1298 4095
150 155 139 109 150 1306 4095 4095 4095 4095
156 167 163 117 110 1307 4095 4095 4095 4095
175 154 132 112 94 1306 4095 4095 4095 4095
130 160 130 184 143 4095 4095 4095 1299 4095
162 154 138 109 102 1306 4095 4095 4095 4095
132 160 150 108 203 1308 4095 4095 4095 4095
138 162 171 140 141 4095 4095 4095 1299 4095
136 164 172 199 139 4095 4095 4095 1298 4095
152 159 150 107 194 1308 4095 4095 4095 4095
138 160 134 115 81 1308 4095 4095 4095 4095
122 162 160 152 144 4095 4095 4095 1299 4095
149 163 138 115 78 1308 4095 4095 4095 4095
148 168 167 119 144 1308 4095 4095 4095 3868
131 162 159 166 124 4095 4095 4095 1299 4095
166 151 136 110 120 1307 4095 4095 4095 4095
117 160 225 110 185 4095 4095 1321 4095 4095
139 165 159 114 113 1308 4095 4095 4095 4095
149 160 120 104 137 1307 4095 4095 4095 4095
162 158 150 110 175 1307 4095 4095 4095 4095
116 163 179 106 126 4095 4095 4095 4095 4095
153 159 149 111 168 1307 4095 4095 4095 4095
121 162 241 113 116 4095 4095 1321 4095 4095
180 160 121 107 135 1307 4095 4095 4095 4095
121 152 137 200 121 4095 4095 4095 1299 4095
189 162 157 114 152 1307 4095 4095 4095 4095
142 147 126 111 108 1307 4095 4095 4095 4095
150 154 138 108 148 1307 4095 4095 4095 4095
132 164 154 175 112 4095 4095 4095 1299 4095
156 151 138 110 123 1307 4095 4095 4095 4095
128 159 150 428 175 4095 4095 4095 1298 4095
134 155 130 101 185 1307 4095 4095 4095 4095
123 159 162 115 135 1307 4095 4095 4095 4095
127 160 225 104 142 4095 4095 1320 4095 4095
122 408 124 104 142 4095 1326 4095 4095 4095
155 159 123 107 134 1307 4095 4095 4095 4095
126 159 135 196 156 4095 4095 4095 1298 4095
124 169 162 137 107 4095 4095 4095 4095 4095
166 156 133 114 87 1307 4095 4095 4095 4095
128 166 169 188 127 4095 4095 4095 1300 4095
313 159 152 110 188 1307 4095 4095 4095 4095
142 164 155 115 117 1307 4095 4095 4095 4095
154 157 120 104 140 1307 4095 4095 4095 4095
138 162 162 114 126 1308 4095 4095 4095 4095
124 160 147 110 182 1307 4095 4095 4095 4095
140 156 133 103 191 1307 4095 4095 4095 4095
162 162 141 117 70 1305 4095 4095 4095 4095
121 156 138 142 158 4095 4095 4095 1299 4095
158 226 214 723 118 4095 4095 4095 1298 4095
150 164 161 114 124 1307 4095 4095 4095 4095
124 161 267 115 126 4095 4095 1320 4095 4095
146 159 147 112 168 1308 4095 4095 4095 4095
164 168 159 119 93 1307 4095 4095 4095 4095
135 158 150 105 197 1307 4095 4095 4095 4095
132 156 132 127 161 4095 4095 4095 1298 4095
135 214 213 242 169 4095 4095 4095 1299 4095
143 162 124 108 129 1307 4095 4095 4095 4095
133 155 199 112 66 4095 4095 4095 4095 4095
238 158 149 108 199 1307 4095 4095 4095 4095
148 152 138 109 126 1306 4095 4095 4095 4095
129 155 131 132 103 4095 4095 4095 1300 4095
149 159 149 106 209 1307 4095 4095 4095 4095
202 158 124 104 148 1308 4095 4095 4095 4095
119 162 243 115 146 4095 4095 1320 4095 4095
121 168 162 168 109 4095 4095 4095 1299 4095
171 152 136 111 78 1308 4095 4095 4095 4095
178 162 156 115 105 1307 4095 4095 4095 4095
148 163 157 114 116 1308 4095 4095 4095 4095
136 156 126 103 147 1307 4095 4095 4095 4095
123 168 166 189 123 4095 4095 4095 1299 4095
155 161 157 114 126 1307 4095 4095 4095 4095
138 163 160 117 118 1307 4095 4095 4095 4095
164 166 160 119 105 1307 4095 4095 4095 4095
123 164 168 183 131 4095 4095 4095 1299 4095
133 149 135 144 128 4095 4095 4095 1300 4095
127 150 128 139 106 4095 4095 4095 1299 4095
137 166 158 116 113 1308 4095 4095 4095 4095
182 151 139 110 129 1308 4095 4095 4095 4095
148 161 121 107 137 1308 4095 4095 4095 4095
480 164 154 115 108 1308 4095 4095 4095 4095
147 157 125 103 144 1307 4095 4095 4095 4095
143 153 137 107 148 1308 4095 4095 4095 4095
135 162 156 114 109 1307 4095 4095 4095 4095
157 163 170 115 143 1308 4095 4095 4095 4095
129 165 163 118 121 1307 4095 4095 4095 4095
134 159 157 114 149 1309 4095 4095 4095 4095
124 157 130 138 78 4095 4095 4095 1298 4095
137 164 138 116 69 1307 4095 4095 4095 4095
172 155 138 110 125 1306 4095 4095 4095 4095
141 160 160 114 144 1307 4095 4095 4095 4095
128 156 442 109 163 4095 4095 1320 4095 4095
122 164 158 138 125 4095 4095 4095 1299 4095
131 162 141 147 106 4095 4095 4095 1299 4095
125 156 241 108 154 4095 4095 1320 4095 4095
123 153 137 455 119 4095 4095 4095 1299 4095
175 154 133 107 164 1307 4095 4095 4095 4095
148 157 150 106 236 1307 4095 4095 4095 4095
208 161 156 113 115 1307 4095 4095 4095 4095
177 160 149 107 197 1308 4095 4095 4095 4095
127 162 161 114 139 1309 4095 4095 4095 4095
129 159 121 103 147 1307 4095 4095 4095 4095
223 220 216 130 122 1308 4095 4095 4095 4095
177 158 134 115 78 1307 4095 4095 4095 4095
2482 191 131 108 145 1308 4095 4095 4095 4095
149 164 159 114 125 1306 4095 4095 4095 4095
154 157 133 109 161 1306 4095 4095 4095 4095
142 161 157 114 122 1309 4095 4095 4095 4095
164 166 143 118 77 1306 4095 4095 4095 4095
135 154 135 108 165 1308 4095 4095 4095 4095
155 162 162 115 120 1306 4095 4095 4095 4095
134 157 133 143 87 4095 4095 4095 1299 4095
122 162 141 158 87 4095 4095 4095 1299 4095
147 160 159 115 96 1308 4095 4095 4095 4095
143 164 171 116 135 1308 4095 4095 4095 4095
156 166 159 118 101 1306 4095 4095 4095 4095
151 157 146 112 170 1306 4095 4095 4095 4095
216 202 188 118 267 1307 4095 4095 4095 4095
186 164 157 114 117 1308 4095 4095 4095 4095
130 159 153 195 204 4095 4095 4095 1299 4095
120 161 151 126 194 4095 4095 4095 1300 4095
162 156 133 109 160 1307 4095 4095 4095 4095
129 159 122 102 146 1308 4095 4095 4095 4095
130 165 290 116 146 4095 4095 1321 4095 4095
150 155 133 107 158 1308 4095 4095 4095 4095
122 159 237 115 70 4095 4095 1321 4095 4095
154 162 159 114 117 1308 4095 4095 4095 4095
161 155 132 112 96 1307 4095 4095 4095 4095
182 159 134 115 77 1306 4095 4095 4095 4095
147 164 159 116 116 1307 4095 4095 4095 4095
143 162 157 115 111 1307 4095 4095 4095 4095
129 153 140 182 142 4095 4095 4095 1298 4095
118 159 234 104 136 4095 4095 1320 4095 4095
147 148 127 111 123 1307 4095 4095 4095 4095
119 159 133 147 154 4095 4095 4095 1298 4095
129 166 165 180 120 4095 4095 4095 1299 4095
150 155 134 114 85 1308 4095 4095 4095 4095
183 161 129 108 136 1306 4095 4095 4095 4095
138 161 169 114 161 1308 4095 4095 4095 4095
155 163 138 116 72 1307 4095 4095 4095 4095
169 159 147 110 170 1307 4095 4095 4095 4095
130 160 159 158 130 4095 4095 4095 1299 4095
132 159 133 109 146 4095 4095 4095 4095 4095
130 158 136 161 87 4095 4095 4095 1299 4095
142 159 153 107 196 1308 4095 4095 4095 4095
121 159 147 142 163 4095 4095 4095 1300 4095
137 158 120 105 142 1308 4095 4095 4095 4095
116 162 224 110 175 4095 4095 1322 4095 4095
133 161 131 152 138 4095 4095 4095 1299 4095
141 153 139 108 142 1308 4095 4095 4095 4095
160 164 169 115 139 1306 4095 4095 4095 4095
142 163 157 114 112 1307 4095 4095 4095 4095
165 160 149 105 202 1306 4095 4095 4095 4095
141 146 125 252 100 4095 4095 4095 1298 4095
135 162 137 116 74 1308 4095 4095 4095 4095
122 159 151 151 193 4095 4095 4095 1299 4095
135 163 160 115 104 1308 4095 4095 4095 4095
141 170 158 119 82 1308 4095 4095 4095 4095
125 159 152 140 183 4095 4095 4095 4095 4095
182 159 152 110 183 1306 4095 4095 4095 4095
149 154 139 108 148 1306 4095 4095 4095 4095
171 153 131 112 109 1305 4095 4095 4095 4095
165 159 150 109 191 1307 4095 4095 4095 4095
123 159 120 106 137 1307 4095 4095 4095 4095
155 164 144 118 68 1307 4095 4095 4095 4095
136 161 125 108 129 1307 4095 4095 4095 4095
813 222 220 127 154 1308 4095 4095 4095 4095
122 166 158 136 119 4095 4095 4095 1299 4095
147 158 129 102 176 1307 4095 4095 4095 4095
119 161 130 718 168 4095 4095 4095 1298 4095
163 163 163 114 134 1307 4095 4095 4095 4095
129 163 171 116 133 1308 4095 4095 4095 4095
136 162 145 118 78 1308 4095 4095 4095 4095
128 159 119 104 138 1307 4095 4095 4095 4095
166 161 150 104 199 1307 4095 4095 4095 4095
173 150 139 109 140 1307 4095 4095 4095 4095
132 167 163 171 107 4095 4095 4095 1298 4095
4095 235 189 132 68 1306 4095 4095 4095 4095
180 163 154 114 110 1307 4095 4095 4095 4095
124 163 171 139 131 4095 4095 4095 1299 4095
131 158 120 106 138 1308 4095 4095 4095 4095
140 158 124 107 140 1308 4095 4095 4095 4095
143 167 165 119 114 1308 4095 4095 4095 4095
166 162 164 114 129 1307 4095 4095 4095 4095
365 157 126 104 150 1307 4095 4095 4095 4095
138 160 166 148 143 4095 4095 4095 1300 4095
123 157 199 114 95 4095 4095 1320 4095 4095
142 159 128 104 167 1308 4095 4095 4095 4095
170 164 157 115 113 1307 4095 4095 4095 4095
149 166 157 119 81 1308 4095 4095 4095 4095
132 159 148 113 161 1308 4095 4095 4095 4095
129 152 135 206 118 4095 4095 4095 1299 4095
154 225 607 127 225 4095 4095 1320 4095 4095
131 163 137 116 79 1308 4095 4095 4095 4095
127 164 158 153 118 4095 4095 4095 1299 4095
136 157 135 108 141 1307 4095 4095 4095 4095
123 159 120 167 131 4095 4095 4095 1299 4095
121 162 1264 108 131 4095 4095 1320 4095 4095
141 164 144 118 56 1307 4095 4095 4095 4095
172 164 157 114 113 1307 4095 4095 4095 4095
126 157 203 108 163 4095 4095 1321 4095 4095
144 152 138 110 155 1308 4095 4095 4095 4095
144 156 131 102 178 1308 4095 4095 4095 4095
161 160 136 107 152 1306 4095 4095 4095 4095
190 167 163 119 116 1306 4095 4095 4095 4095
140 161 151 110 186 1307 4095 4095 4095 4095
122 156 135 128 165 4095 4095 4095 4095 4095
123 164 155 684 114 4095 4095 4095 1298 4095
143 156 153 114 156 1308 4095 4095 4095 4095
141 156 134 112 100 1307 4095 4095 4095 4095
159 164 139 118 76 1307 4095 4095 4095 4095
213 152 141 108 147 1308 4095 4095 4095 4095
135 165 191 109 142 4095 4095 4095 4095 4095
127 154 141 110 149 1307 4095 4095 4095 4095
131 160 127 108 144 1308 4095 4095 4095 4095
127 154 138 177 141 4095 4095 4095 1299 4095
175 161 160 116 130 1307 4095 4095 4095 4095
128 159 148 131 171 4095 4095 4095 1409 4095
137 165 142 118 82 1308 4095 4095 4095 4095
165 154 140 108 150 1307 4095 4095 4095 4095
125 165 128 108 153 1307 4095 4095 4095 3627
133 161 136 139 75 4095 4095 4095 1298 4095
210 158 133 115 85 1308 4095 4095 4095 4095
125 162 140 186 87 4095 4095 4095 1299 4095
132 149 130 150 119 4095 4095 4095 1298 4095
139 153 139 108 141 1307 4095 4095 4095 4095
142 154 138 107 163 1307 4095 4095 4095 4095
146 222 168 249 191 4095 4095 4095 1299 4095
202 159 128 108 138 1307 4095 4095 4095 4095
140 162 155 159 111 4095 4095 4095 1299 4095
154 166 169 119 129 1308 4095 4095 4095 4095
381 153 140 110 126 1307 4095 4095 4095 4095
117 157 121 136 167 4095 4095 4095 1298 4095
149 225 224 1443 149 4095 4095 4095 1298 4095
130 159 249 111 180 4095 4095 1320 4095 4095
122 161 149 147 166 4095 4095 4095 1299 4095
156 160 128 109 140 1307 4095 4095 4095 4095
135 168 160 118 113 1307 4095 4095 4095 4095
177 163 160 114 137 1307 4095 4095 4095 4095
172 161 124 108 146 1306 4095 4095 4095 4095
128 164 159 113 125 1307 4095 4095 4095 4095
127 170 227 117 118 4095 4095 4095 4095 4095
132 158 149 106 200 1307 4095 4095 4095 4095
140 162 139 117 83 1307 4095 4095 4095 4095
158 166 171 119 135 1307 4095 4095 4095 4095
123 166 171 669 132 4095 4095 4095 1299 4095
123 164 169 138 140 4095 4095 4095 1299 4095
131 163 162 116 135 1308 4095 4095 4095 4095
153 158 150 112 159 1306 4095 4095 4095 4095
136 159 120 104 140 1308 4095 4095 4095 4095
156 207 216 197 157 4095 4095 4095 1299 4095
200 158 146 113 164 1307 4095 4095 4095 4095
250 159 151 109 185 1307 4095 4095 4095 4095
118 169 160 160 87 4095 4095 4095 1299 4095
168 158 151 108 194 1307 4095 4095 4095 4095
128 163 158 114 125 1307 4095 4095 4095 4095
133 162 156 114 113 1308 4095 4095 4095 4095
127 159 222 114 151 4095 4095 4095 4095 4095
136 162 122 106 131 1307 4095 4095 4095 4095
128 154 139 107 152 1308 4095 4095 4095 4095
143 158 132 103 186 1307 4095 4095 4095 4095
131 165 170 143 138 4095 4095 4095 1298 4095
161 164 168 118 124 1307 4095 4095 4095 4095
148 158 120 105 134 1307 4095 4095 4095 4095
125 151 132 150 115 4095 4095 4095 1299 4095
133 152 137 110 133 1308 4095 4095 4095 4095
123 157 147 137 165 4095 4095 4095 1299 4095
163 158 126 103 156 1307 4095 4095 4095 4095
1232 286 258 140 129 1307 4095 4095 4095 4095
146 165 162 119 104 1307 4095 4095 4095 4095
130 155 133 165 94 4095 4095 4095 1298 4095
122 167 166 143 123 4095 4095 4095 1299 4095
128 150 130 133 116 4095 4095 4095 1299 4095
116 162 161 161 127 4095 4095 4095 1298 4095
150 152 136 109 132 1308 4095 4095 4095 4095
160 159 135 114 78 1308 4095 4095 4095 4095
160 150 133 109 119 1307 4095 4095 4095 4095
132 170 175 118 126 4095 4095 4095 4095 4095
162 145 121 110 113 1307 4095 4095 4095 4095
178 159 147 104 193 1307 4095 4095 4095 4095
144 160 136 112 100 4095 4095 4095 4095 4095
133 165 259 118 123 4095 4095 1320 4095 4095
135 160 121 106 133 1308 4095 4095 4095 4095
125 160 122 154 138 4095 4095 4095 1300 4095
157 155 135 114 83 1307 4095 4095 4095 4095
124 165 158 426 122 4095 4095 4095 1299 4095
163 164 163 114 136 1308 4095 4095 4095 4095
119 158 353 104 144 4095 4095 1321 4095 4095
147 154 140 110 129 1308 4095 4095 4095 4095
139 160 138 114 76 1307 4095 4095 4095 4095
148 153 134 108 164 1306 4095 4095 4095 4095
209 167 166 119 134 1306 4095 4095 4095 4095
174 156 121 104 136 1307 4095 4095 4095 4095
158 161 161 115 142 1306 4095 4095 4095 4095
153 159 131 108 152 1307 4095 4095 4095 4095
178 166 170 118 135 1307 4095 4095 4095 4095
133 155 132 693 107 4095 4095 4095 1300 4095
436 155 136 108 162 1307 4095 4095 4095 4095
125 207 135 113 92 4095 1325 4095 4095 4095
172 160 123 105 131 1307 4095 4095 4095 4095
766 164 141 118 395 1309 4095 4095 4095 1422
129 161 140 179 75 4095 4095 4095 1300 4095
134 160 135 152 80 4095 4095 4095 1299 4095
125 161 277 110 151 4095 4095 1320 4095 4095
164 155 132 113 102 1307 4095 4095 4095 4095
128 163 170 205 141 4095 4095 4095 1299 4095
140 161 128 107 130 1307 4095 4095 4095 4095
130 163 161 142 123 4095 4095 4095 1298 4095
149 162 129 108 145 1307 4095 4095 4095 4095
121 159 209 108 200 4095 4095 4095 4095 4095
147 157 125 104 150 1306 4095 4095 4095 4095
129 160 148 110 183 1307 4095 4095 4095 4095
118 163 160 174 131 4095 4095 4095 1299 4095
137 158 121 104 138 1308 4095 4095 4095 4095
132 160 134 128 152 4095 4095 4095 1299 4095
157 151 138 109 136 1307 4095 4095 4095 4095
139 156 135 108 161 1307 4095 4095 4095 4095
217 155 134 108 162 1306 4095 4095 4095 4095
133 159 121 104 133 1307 4095 4095 4095 4095
120 165 170 191 139 4095 4095 4095 1299 4095
145 158 134 113 93 1307 4095 4095 4095 4095
150 162 127 108 131 1308 4095 4095 4095 4095
124 163 126 153 135 4095 4095 4095 1299 4095
126 169 157 815 87 4095 4095 4095 1300 4095
155 166 169 118 123 1308 4095 4095 4095 4095
119 161 161 142 119 4095 4095 4095 1299 4095
167 158 133 103 188 1307 4095 4095 4095 4095
177 152 139 110 128 1306 4095 4095 4095 4095
172 164 164 114 140 1307 4095 4095 4095 4095
324 162 151 110 172 1308 4095 4095 4095 4095
148 156 136 103 199 1308 4095 4095 4095 4095
154 155 134 115 81 1308 4095 4095 4095 4095
140 151 136 112 131 1308 4095 4095 4095 4095
132 155 136 154 157 4095 4095 4095 1299 4095
161 233 228 1239 142 4095 4095 4095 1300 4095
207 162 119 107 131 1307 4095 4095 4095 4095
144 159 118 107 140 1308 4095 4095 4095 4095
130 153 139 109 135 1307 4095 4095 4095 4095
121 161 121 156 135 4095 4095 4095 1298 4095
130 158 133 114 83 1308 4095 4095 4095 4095
122 161 121 172 139 4095 4095 4095 1299 4095
167 155 136 107 164 1306 4095 4095 4095 4095
117 151 139 142 129 4095 4095 4095 1300 4095
153 160 137 116 77 1308 4095 4095 4095 4095
158 165 139 117 77 1307 4095 4095 4095 4095
136 162 140 117 75 1308 4095 4095 4095 4095
134 160 118 103 147 1308 4095 4095 4095 4095
358 159 123 105 140 1308 4095 4095 4095 4095
151 158 150 107 198 1308 4095 4095 4095 4095
127 165 171 201 138 4095 4095 4095 1299 4095
168 161 158 114 152 1306 4095 4095 4095 4095
220 162 129 110 143 1307 4095 4095 4095 4095
94 161 165 139 103 4095 4095 4095 1299 630
171 155 131 113 88 1308 4095 4095 4095 4095
122 159 213 108 191 4095 4095 4095 4095 4095
128 160 149 132 201 4095 4095 4095 1299 4095
124 161 129 379 141 4095 4095 4095 1298 4095
151 158 151 106 204 1307 4095 4095 4095 4095
119 163 150 178 182 4095 4095 4095 1298 4095
164 153 137 109 141 1308 4095 4095 4095 4095
162 161 129 109 146 1307 4095 4095 4095 4095
127 155 140 107 152 1308 4095 4095 4095 4095
130 156 129 103 155 1307 4095 4095 4095 571
129 160 146 629 202 4095 4095 4095 1299 4095
138 160 135 108 167 1308 4095 4095 4095 3615
175 158 133 114 86 1306 4095 4095 4095 4095
140 160 128 109 144 1308 4095 4095 4095 4095
145 165 158 115 103 1307 4095 4095 4095 4095
153 160 159 115 161 1307 4095 4095 4095 4095
121 156 136 150 191 4095 4095 4095 1298 4095
174 153 139 108 142 1307 4095 4095 4095 4095
151 163 171 115 129 1307 4095 4095 4095 4095
138 152 131 111 106 1307 4095 4095 4095 4095
139 162 156 115 122 1307 4095 4095 4095 4095
147 157 133 102 190 1307 4095 4095 4095 4095
147 155 139 108 149 1307 4095 4095 4095 4095
123 164 141 149 67 4095 4095 4095 1298 4095
160 156 132 112 104 1308 4095 4095 4095 4095
130 211 138 108 169 4095 1325 4095 4095 4095
132 159 119 143 115 4095 4095 4095 1299 4095
143 158 145 103 192 1307 4095 4095 4095 4095
899 217 190 107 278 1306 4095 4095 4095 4095
159 156 133 113 97 1307 4095 4095 4095 4095
427 164 168 114 149 1307 4095 4095 4095 4095
925 217 139 110 175 1308 4095 4095 4095 4095
