155 162 167 115 173 1307 4095 4095 4095 4095
144 156 132 113 92 1308 4095 4095 4095 4095
145 164 141 119 102 1307 4095 4095 4095 4095
124 159 120 165 137 4095 4095 4095 1298 4095
133 159 134 157 156 4095 4095 4095 1299 4095
159 156 133 112 94 1306 4095 4095 4095 4095
126 161 298 108 146 4095 4095 1320 4095 4095
169 157 149 107 199 1307 4095 4095 4095 4095
160 163 167 114 138 1307 4095 4095 4095 4095
138 160 124 107 134 1308 4095 4095 4095 4095
138 161 129 108 143 1307 4095 4095 4095 4095
129 160 608 109 191 4095 4095 1320 4095 4095
141 154 138 109 138 1308 4095 4095 4095 4095
180 158 134 114 85 1306 4095 4095 4095 4095
183 159 133 116 87 1307 4095 4095 4095 4095
151 165 169 114 140 1307 4095 4095 4095 4095
294 254 199 132 147 1311 4095 4095 4095 4095
118 166 252 118 114 4095 4095 1321 4095 4095
165 157 134 108 154 1307 4095 4095 4095 4095
131 163 146 174 67 4095 4095 4095 1298 4095
180 163 156 116 113 1307 4095 4095 4095 4095
227 211 169 127 76 1307 4095 4095 4095 4095
179 164 161 115 139 1307 4095 4095 4095 4095
149 159 121 107 135 1308 4095 4095 4095 4095
151 156 134 113 89 1307 4095 4095 4095 4095
168 153 139 111 120 1306 4095 4095 4095 4095
147 163 139 117 72 1308 4095 4095 4095 4095
130 148 198 111 108 4095 4095 1320 4095 4095
157 160 124 104 137 1307 4095 4095 4095 4095
141 164 138 116 79 1308 4095 4095 4095 4095
161 157 132 108 152 1307 4095 4095 4095 4095
143 152 140 109 142 1307 4095 4095 4095 4095
124 166 163 141 122 4095 4095 4095 1300 4095
136 158 151 108 229 1307 4095 4095 4095 4095
138 158 122 105 143 1308 4095 4095 4095 4095
124 167 156 149 114 4095 4095 4095 1299 4095
149 151 131 111 107 1307 4095 4095 4095 4095
157 159 131 109 158 1307 4095 4095 4095 4095
165 163 158 115 111 1307 4095 4095 4095 4095
146 161 132 109 153 1308 4095 4095 4095 4095
123 161 242 108 133 4095 4095 1321 4095 4095
134 167 257 118 134 4095 4095 1321 4095 4095
132 158 128 103 157 1308 4095 4095 4095 4095
158 166 167 119 123 1306 4095 4095 4095 4095
172 161 156 114 108 1307 4095 4095 4095 4095
132 163 138 156 75 4095 4095 4095 1299 4095
153 162 156 114 105 1307 4095 4095 4095 4095
169 165 166 118 127 1306 4095 4095 4095 4095
180 160 136 108 164 1306 4095 4095 4095 4095
201 199 189 113 299 1308 4095 4095 4095 4095
131 164 156 113 114 1307 4095 4095 4095 4095
149 157 151 106 240 1308 4095 4095 4095 4095
147 164 170 117 135 1308 4095 4095 4095 4095
143 154 135 108 162 1307 4095 4095 4095 4095
140 163 148 111 172 1307 4095 4095 4095 4095
134 154 230 108 154 4095 4095 1320 4095 4095
162 212 186 867 185 4095 4095 4095 1301 4095
214 163 166 113 135 1307 4095 4095 4095 4095
140 159 126 103 158 1309 4095 4095 4095 4095
251 159 151 107 202 1307 4095 4095 4095 4095
267 160 152 108 205 1307 4095 4095 4095 4095
143 162 155 114 115 1308 4095 4095 4095 4095
225 161 150 105 202 1307 4095 4095 4095 4095
122 158 135 173 83 4095 4095 4095 1299 4095
132 157 150 127 201 4095 4095 4095 1298 4095
160 201 170 196 194 4095 4095 4095 1299 4095
155 158 135 108 157 1308 4095 4095 4095 4095
151 160 129 108 144 1307 4095 4095 4095 4095
139 161 139 116 77 1308 4095 4095 4095 4095
134 151 137 110 125 1308 4095 4095 4095 4095
317 158 135 115 75 1307 4095 4095 4095 4095
146 162 149 111 171 1308 4095 4095 4095 4095
149 158 135 103 191 1306 4095 4095 4095 4095
174 157 123 107 137 1308 4095 4095 4095 4095
140 162 138 116 73 1307 4095 4095 4095 4095
137 162 168 114 141 1307 4095 4095 4095 4095
162 157 134 108 164 1307 4095 4095 4095 4095
147 163 171 115 119 1307 4095 4095 4095 4095
150 152 131 111 114 1307 4095 4095 4095 4095
1153 224 208 127 121 1308 4095 4095 4095 4095
135 166 167 175 132 4095 4095 4095 1298 4095
149 152 140 108 142 1307 4095 4095 4095 4095
176 153 136 108 185 1307 4095 4095 4095 4095
125 158 131 1117 92 4095 4095 4095 1299 4095
177 162 161 116 131 1306 4095 4095 4095 4095
155 155 134 108 159 1307 4095 4095 4095 4095
180 163 156 114 120 1307 4095 4095 4095 4095
126 165 162 162 121 4095 4095 4095 1298 4095
149 155 127 103 203 1307 4095 4095 4095 4076
132 161 149 146 172 4095 4095 4095 1299 4095
144 149 134 111 111 1307 4095 4095 4095 4095
135 158 144 130 125 4095 4095 4095 4095 4095
210 159 153 109 186 1307 4095 4095 4095 4095
137 161 159 113 132 1307 4095 4095 4095 4095
142 158 135 109 154 1308 4095 4095 4095 4095
159 164 153 115 111 1306 4095 4095 4095 4095
126 160 122 154 145 4095 4095 4095 1300 4095
138 163 163 113 135 1308 4095 4095 4095 4095
146 166 169 118 141 1307 4095 4095 4095 4095
165 152 136 110 126 1306 4095 4095 4095 4095
189 163 171 115 145 1307 4095 4095 4095 4095
3084 201 185 121 121 1308 4095 4095 4095 4095
142 162 167 115 131 1308 4095 4095 4095 4095
141 161 158 114 150 1307 4095 4095 4095 4095
131 160 532 106 145 4095 4095 1320 4095 4095
126 153 141 145 131 4095 4095 4095 1299 4095
143 155 135 102 189 1308 4095 4095 4095 4095
131 160 161 153 132 4095 4095 4095 1298 4095
1066 262 263 139 176 1307 4095 4095 4095 4095
155 196 176 105 243 1308 4095 4095 4095 4095
162 162 162 114 133 1307 4095 4095 4095 4095
144 156 149 106 194 1307 4095 4095 4095 4095
125 164 158 138 112 4095 4095 4095 1299 4095
128 158 136 121 194 4095 4095 4095 4095 4095
148 166 169 118 128 1307 4095 4095 4095 4095
144 155 133 112 90 1308 4095 4095 4095 4095
178 154 134 112 102 1307 4095 4095 4095 4095
161 166 165 119 123 1306 4095 4095 4095 4095
135 158 149 107 201 1308 4095 4095 4095 4095
127 158 133 181 197 4095 4095 4095 1299 4095
122 159 121 138 140 4095 4095 4095 1298 4095
138 158 151 105 201 1307 4095 4095 4095 4095
160 159 151 105 208 1306 4095 4095 4095 4095
276 159 122 104 138 1307 4095 4095 4095 4095
121 162 160 164 132 4095 4095 4095 1299 4095
136 160 122 105 148 1308 4095 4095 4095 4095
141 163 170 117 141 1308 4095 4095 4095 4095
165 167 163 119 108 1306 4095 4095 4095 4095
120 158 121 189 141 4095 4095 4095 1300 4095
148 157 135 108 164 1308 4095 4095 4095 4095
153 165 171 117 139 1306 4095 4095 4095 4095
126 160 149 155 182 4095 4095 4095 1299 4095
169 159 150 105 203 1307 4095 4095 4095 4095
166 152 139 110 125 1308 4095 4095 4095 4095
272 163 160 114 105 1307 4095 4095 4095 4095
183 160 149 110 182 1308 4095 4095 4095 4095
138 165 159 116 126 1307 4095 4095 4095 4095
144 153 139 108 147 1307 4095 4095 4095 4095
152 164 131 109 140 1308 4095 4095 4095 4095
143 157 127 103 172 1308 4095 4095 4095 4095
143 154 129 112 108 1308 4095 4095 4095 4095
152 152 130 111 107 1308 4095 4095 4095 4095
1215 224 208 128 124 1309 4095 4095 4095 4095
141 159 121 106 153 1308 4095 4095 4095 4095
173 163 155 115 109 1307 4095 4095 4095 4095
408 166 171 118 129 1306 4095 4095 4095 4095
264 158 135 103 188 1308 4095 4095 4095 4095
142 156 150 108 194 1307 4095 4095 4095 4095
130 164 160 158 118 4095 4095 4095 1300 4095
132 160 148 105 195 1308 4095 4095 4095 4095
144 159 152 109 196 1308 4095 4095 4095 4095
131 158 151 177 207 4095 4095 4095 1298 4095
156 163 162 115 142 1306 4095 4095 4095 4095
129 158 147 169 189 4095 4095 4095 1299 4095
269 163 142 117 77 1309 4095 4095 4095 4095
147 164 169 117 133 1307 4095 4095 4095 4095
162 152 142 109 131 1306 4095 4095 4095 4095
151 166 168 118 136 1308 4095 4095 4095 4095
122 162 251 116 122 4095 4095 1320 4095 4095
136 161 121 106 129 1308 4095 4095 4095 4095
144 156 133 103 198 1307 4095 4095 4095 4095
173 157 121 104 134 1307 4095 4095 4095 4095
148 154 134 109 197 1307 4095 4095 4095 4095
132 163 158 114 122 1308 4095 4095 4095 4095
163 161 165 114 142 1307 4095 4095 4095 4095
134 162 138 116 69 1307 4095 4095 4095 4095
162 164 168 115 131 1307 4095 4095 4095 4095
131 158 128 102 169 1307 4095 4095 4095 4095
154 157 131 103 179 1307 4095 4095 4095 4095
151 159 131 109 156 1308 4095 4095 4095 4095
135 160 150 111 174 1307 4095 4095 4095 4095
140 164 170 115 139 1307 4095 4095 4095 4095
166 162 163 113 135 1306 4095 4095 4095 4095
238 218 174 130 56 1307 4095 4095 4095 4095
137 157 150 106 201 1308 4095 4095 4095 4095
422 157 134 113 87 1306 4095 4095 4095 4095
172 167 157 118 83 1306 4095 4095 4095 4095
153 161 129 108 138 1307 4095 4095 4095 4095
142 161 132 108 144 1308 4095 4095 4095 4095
404 163 157 114 111 1307 4095 4095 4095 4095
759 154 130 112 107 1309 4095 4095 4095 4095
130 159 135 115 73 1308 4095 4095 4095 4095
173 165 164 115 132 1306 4095 4095 4095 4095
125 162 156 142 114 4095 4095 4095 1298 4095
123 166 260 119 116 4095 4095 1321 4095 4095
132 158 122 104 135 1307 4095 4095 4095 4095
138 160 122 106 134 1307 4095 4095 4095 4095
143 156 139 109 142 1306 4095 4095 4095 4095
136 166 163 171 104 4095 4095 4095 1299 4095
159 158 121 106 134 1307 4095 4095 4095 4095
147 160 121 106 142 1307 4095 4095 4095 4095
153 163 167 115 134 1307 4095 4095 4095 4095
156 159 121 105 149 1306 4095 4095 4095 4095
352 168 169 118 130 1307 4095 4095 4095 4095
220 163 163 115 123 1307 4095 4095 4095 4095
128 174 2692 121 96 4095 4095 1320 4095 4095
145 162 158 115 114 1308 4095 4095 4095 4095
129 150 201 111 121 4095 4095 1321 4095 4095
134 155 141 109 151 1308 4095 4095 4095 4095
210 162 150 110 169 1307 4095 4095 4095 4095
180 161 167 115 132 1306 4095 4095 4095 4095
167 161 135 110 158 1307 4095 4095 4095 4095
158 158 151 107 191 1306 4095 4095 4095 4095
146 162 161 114 133 1308 4095 4095 4095 4095
124 161 151 137 180 4095 4095 4095 1299 4095
154 163 168 115 141 1308 4095 4095 4095 4095
137 150 128 131 112 4095 4095 4095 1299 4095
127 162 157 113 154 1308 4095 4095 4095 4095
138 160 149 109 171 1308 4095 4095 4095 4095
148 158 151 106 198 1308 4095 4095 4095 4095
140 163 136 116 46 1307 4095 4095 4095 4095
143 158 148 108 197 1308 4095 4095 4095 4095
165 156 136 107 171 1306 4095 4095 4095 4095
239 230 207 121 262 1307 4095 4095 4095 4095
361 264 231 120 356 1307 4095 4095 4095 4095
298 200 185 118 230 1304 4095 4095 4095 4095
141 155 133 112 93 1308 4095 4095 4095 4095
129 164 162 113 130 1308 4095 4095 4095 4095
138 156 119 278 196 4095 4095 4095 1299 4095
145 159 133 114 80 1307 4095 4095 4095 4095
149 162 137 117 76 1308 4095 4095 4095 4095
133 160 196 103 144 4095 4095 1320 4095 4095
150 155 135 102 172 1308 4095 4095 4095 4095
149 164 171 116 134 1308 4095 4095 4095 4095
153 153 133 108 208 1309 4095 4095 4095 4095
171 160 153 112 178 1307 4095 4095 4095 4095
161 156 132 101 203 1307 4095 4095 4095 4095
151 163 163 116 122 1308 4095 4095 4095 4095
158 163 168 115 144 1307 4095 4095 4095 4095
142 152 140 107 143 1308 4095 4095 4095 4095
158 152 129 110 116 1307 4095 4095 4095 4095
125 162 123 106 134 1309 4095 4095 4095 4095
141 158 150 108 197 1308 4095 4095 4095 4095
122 157 212 108 164 4095 4095 1320 4095 4095
125 164 156 180 108 4095 4095 4095 1299 4095
169 154 140 108 143 1307 4095 4095 4095 4095
138 162 232 116 73 4095 4095 1320 4095 4095
129 158 118 104 143 1307 4095 4095 4095 4095
148 150 127 110 118 1307 4095 4095 4095 4095
135 207 136 109 157 4095 4095 4095 4095 4095
1916 253 235 133 142 1309 4095 4095 4095 4095
122 164 139 148 80 4095 4095 4095 1298 4095
126 161 160 146 125 4095 4095 4095 1299 4095
149 150 138 111 125 1308 4095 4095 4095 4095
152 154 135 114 86 1308 4095 4095 4095 4095
162 160 131 109 146 1307 4095 4095 4095 4095
163 155 135 112 101 1308 4095 4095 4095 4095
136 160 120 124 101 4095 4095 4095 4095 4095
176 166 164 120 113 1307 4095 4095 4095 4095
158 162 161 114 157 1306 4095 4095 4095 4095
181 157 151 107 204 1308 4095 4095 4095 4095
131 162 161 182 126 4095 4095 4095 1298 4095
162 154 136 112 95 1308 4095 4095 4095 4095
145 154 135 107 160 1307 4095 4095 4095 4095
133 159 152 108 193 1308 4095 4095 4095 4095
143 160 135 115 72 1308 4095 4095 4095 4095
145 156 128 102 173 1306 4095 4095 4095 4095
133 160 125 108 130 1307 4095 4095 4095 4095
150 159 122 105 141 1307 4095 4095 4095 4095
156 161 131 108 143 1307 4095 4095 4095 4095
134 162 162 116 126 1307 4095 4095 4095 4095
133 164 169 117 139 1307 4095 4095 4095 4095
126 159 150 164 186 4095 4095 4095 1300 4095
169 163 158 113 117 1306 4095 4095 4095 4095
141 160 147 110 182 1308 4095 4095 4095 4095
145 164 155 115 110 1307 4095 4095 4095 4095
147 163 172 114 136 1307 4095 4095 4095 4095
203 157 145 111 169 1308 4095 4095 4095 4095
198 222 158 118 164 1308 4095 4095 4095 4095
171 157 135 114 88 1307 4095 4095 4095 4095
138 160 125 107 135 1308 4095 4095 4095 4095
144 149 131 111 124 1307 4095 4095 4095 4095
149 163 160 114 155 1307 4095 4095 4095 4095
136 164 158 168 117 4095 4095 4095 1298 4095
130 152 212 111 119 4095 4095 1321 4095 4095
157 158 151 107 195 1306 4095 4095 4095 4095
128 153 141 145 149 4095 4095 4095 1299 4095
119 164 141 176 71 4095 4095 4095 1299 4095
136 160 149 109 179 1308 4095 4095 4095 4095
134 165 162 117 114 1308 4095 4095 4095 4095
124 158 126 164 169 4095 4095 4095 1299 4095
142 165 168 115 136 1307 4095 4095 4095 4095
144 159 120 105 142 1307 4095 4095 4095 4095
146 167 155 119 82 1308 4095 4095 4095 4095
122 159 134 109 171 1308 4095 4095 4095 4095
152 157 148 111 175 1308 4095 4095 4095 4095
136 166 160 114 117 1307 4095 4095 4095 4095
581 151 131 111 117 1307 4095 4095 4095 4095
166 161 129 109 145 1307 4095 4095 4095 4095
135 166 167 119 123 1308 4095 4095 4095 4095
131 165 160 115 122 1308 4095 4095 4095 4095
161 155 137 108 159 1305 4095 4095 4095 4095
176 166 170 116 140 1307 4095 4095 4095 4095
132 162 164 115 124 1308 4095 4095 4095 4095
138 154 139 107 145 1307 4095 4095 4095 4095
134 160 148 112 163 1307 4095 4095 4095 4095
473 162 122 108 134 1308 4095 4095 4095 4095
138 163 156 114 116 1307 4095 4095 4095 4095
144 163 158 114 129 1308 4095 4095 4095 4095
148 165 170 116 134 1307 4095 4095 4095 4095
136 167 163 145 120 4095 4095 4095 1300 4095
163 162 163 113 129 1306 4095 4095 4095 4095
124 158 150 188 199 4095 4095 4095 1299 4095
127 162 160 145 143 4095 4095 4095 1300 4095
130 162 610 112 167 4095 4095 1320 4095 4095
434 163 138 116 53 1307 4095 4095 4095 4095
168 162 165 113 125 1307 4095 4095 4095 4095
131 164 142 315 78 4095 4095 4095 1299 4095
138 162 163 113 137 1308 4095 4095 4095 4095
125 160 121 159 137 4095 4095 4095 1299 4095
192 159 127 108 144 1308 4095 4095 4095 4095
143 161 137 116 72 1308 4095 4095 4095 4095
125 166 156 114 74 1308 4095 4095 4095 4095
124 167 168 146 127 4095 4095 4095 1299 4095
138 158 121 104 144 1306 4095 4095 4095 4095
145 159 150 108 192 1307 4095 4095 4095 4095
152 160 147 110 157 1307 4095 4095 4095 4095
141 160 119 106 142 1308 4095 4095 4095 4095
116 156 123 102 153 1307 4095 4095 4095 4095
129 155 137 108 155 1307 4095 4095 4095 4095
145 156 135 108 164 1306 4095 4095 4095 4095
186 156 132 113 88 1307 4095 4095 4095 4095
311 157 149 106 202 1308 4095 4095 4095 4095
145 157 149 109 173 1307 4095 4095 4095 4095
148 161 131 109 139 1308 4095 4095 4095 4095
135 158 130 103 207 1308 4095 4095 4095 4095
129 165 157 138 111 4095 4095 4095 1298 4095
139 164 128 107 138 1307 4095 4095 4095 4095
128 156 136 108 149 1308 4095 4095 4095 4095
158 154 141 109 127 1308 4095 4095 4095 4095
141 156 133 112 92 1308 4095 4095 4095 4095
137 160 151 109 196 1309 4095 4095 4095 4095
129 152 138 143 138 4095 4095 4095 1298 4095
126 163 263 114 125 4095 4095 1321 4095 4095
144 157 131 103 187 1308 4095 4095 4095 4095
202 168 163 118 108 1308 4095 4095 4095 4095
128 162 122 159 137 4095 4095 4095 1299 4095
134 165 171 142 132 4095 4095 4095 1299 4095
163 165 154 115 107 1307 4095 4095 4095 4095
167 160 157 114 144 1307 4095 4095 4095 4095
139 161 120 104 138 1308 4095 4095 4095 4095
154 158 134 115 85 1306 4095 4095 4095 4095
156 167 157 119 87 1307 4095 4095 4095 4095
130 164 168 155 134 4095 4095 4095 1299 4095
144 160 161 115 141 1308 4095 4095 4095 4095
236 164 170 116 139 1307 4095 4095 4095 4095
145 157 150 107 194 1307 4095 4095 4095 4095
134 163 160 114 122 1308 4095 4095 4095 4095
157 160 151 109 191 1308 4095 4095 4095 4095
139 163 142 117 73 1307 4095 4095 4095 4095
144 155 132 103 189 1307 4095 4095 4095 4095
134 159 147 141 191 4095 4095 4095 1299 4095
154 156 136 108 159 1307 4095 4095 4095 4095
127 160 121 144 130 4095 4095 4095 1299 4095
154 218 195 240 290 4095 4095 4095 1300 4095
201 155 133 113 99 1308 4095 4095 4095 4095
141 168 159 118 91 1307 4095 4095 4095 4095
149 156 151 112 167 1309 4095 4095 4095 4095
130 168 168 829 127 4095 4095 4095 1299 4095
162 157 132 113 76 1307 4095 4095 4095 4095
665 164 160 116 124 1308 4095 4095 4095 4095
143 162 162 113 139 1308 4095 4095 4095 4095
154 224 179 238 53 4095 4095 4095 1300 4095
133 156 280 114 89 4095 4095 1321 4095 4095
133 165 394 113 136 4095 4095 1321 4095 4095
131 147 214 111 110 4095 4095 1320 4095 4095
147 162 135 115 71 1307 4095 4095 4095 4095
152 163 167 115 132 1308 4095 4095 4095 4095
132 161 265 116 69 4095 4095 1321 4095 4095
141 160 135 115 81 1308 4095 4095 4095 4095
163 162 151 111 169 1307 4095 4095 4095 4095
148 165 155 115 109 1307 4095 4095 4095 4095
126 164 158 133 115 4095 4095 4095 1299 4095
146 161 149 108 186 1308 4095 4095 4095 4095
151 166 164 119 122 1307 4095 4095 4095 4095
159 148 129 111 115 1307 4095 4095 4095 4095
147 152 138 109 128 1308 4095 4095 4095 4095
1160 277 252 148 84 1307 4095 4095 4095 4095
153 154 130 112 108 1307 4095 4095 4095 4095
170 162 137 117 74 1307 4095 4095 4095 4095
144 164 153 115 115 1308 4095 4095 4095 4095
546 164 127 108 133 1306 4095 4095 4095 4095
128 164 278 115 117 4095 4095 1320 4095 4095
128 164 139 144 78 4095 4095 4095 1298 4095
135 159 150 157 176 4095 4095 4095 1300 4095
190 167 157 119 80 1307 4095 4095 4095 4095
135 158 121 105 137 1307 4095 4095 4095 4095
136 158 120 104 144 1308 4095 4095 4095 4095
121 156 140 132 154 4095 4095 4095 1299 4095
159 152 139 110 129 1307 4095 4095 4095 4095
466 162 160 115 137 1308 4095 4095 4095 4095
135 163 161 159 131 4095 4095 4095 1297 4095
192 151 137 110 121 1307 4095 4095 4095 4095
138 161 139 117 65 1308 4095 4095 4095 4095
186 164 172 116 142 1307 4095 4095 4095 4095
113 161 146 185 153 4095 4095 4095 1299 4095
152 154 138 107 164 1307 4095 4095 4095 4095
142 162 120 105 106 1308 4095 4095 4095 4095
151 152 139 109 132 1306 4095 4095 4095 4095
1178 223 200 119 427 1300 4095 4095 4095 1382
258 158 139 107 164 1308 4095 4095 4095 4095
151 152 139 110 143 1306 4095 4095 4095 4095
136 157 149 106 201 1307 4095 4095 4095 4095
141 166 155 115 111 1308 4095 4095 4095 4095
125 158 229 116 78 4095 4095 1320 4095 4095
149 167 160 115 114 1308 4095 4095 4095 4095
362 159 151 109 190 1308 4095 4095 4095 4095
124 159 121 138 135 4095 4095 4095 1299 4095
152 157 132 101 178 1307 4095 4095 4095 4095
138 155 134 128 192 4095 4095 4095 1300 4095
146 158 150 108 195 1308 4095 4095 4095 4095
135 157 121 141 135 4095 4095 4095 1299 4095
123 160 136 128 150 4095 4095 4095 4095 4095
128 161 138 148 73 4095 4095 4095 1299 4095
133 162 163 152 121 4095 4095 4095 1299 4095
148 161 171 115 138 1308 4095 4095 4095 4095
136 167 162 119 113 1308 4095 4095 4095 4095
144 157 150 107 178 1307 4095 4095 4095 4095
134 164 153 115 107 1307 4095 4095 4095 4095
136 161 125 178 140 4095 4095 4095 1298 4095
141 162 129 108 132 1308 4095 4095 4095 4095
128 160 152 106 167 1307 4095 4095 4095 4095
132 160 203 105 134 4095 4095 1320 4095 4095
161 152 139 109 130 1307 4095 4095 4095 4095
157 159 121 105 141 1307 4095 4095 4095 4095
144 163 171 115 138 1308 4095 4095 4095 4095
132 157 134 108 158 1308 4095 4095 4095 4095
141 157 150 106 201 1308 4095 4095 4095 4095
144 150 132 111 116 1307 4095 4095 4095 4095
149 162 136 115 83 1307 4095 4095 4095 4095
157 166 159 115 102 1306 4095 4095 4095 4095
135 161 159 136 143 4095 4095 4095 1300 4095
141 158 130 102 176 1308 4095 4095 4095 4095
131 166 164 117 115 1308 4095 4095 4095 4095
135 165 169 117 127 1306 4095 4095 4095 4095
176 163 154 114 103 1307 4095 4095 4095 4095
143 160 130 109 141 1308 4095 4095 4095 4095
132 154 133 280 105 4095 4095 4095 1298 4095
139 158 120 105 139 1308 4095 4095 4095 4095
155 158 146 104 200 1307 4095 4095 4095 4095
133 160 160 114 146 1307 4095 4095 4095 4095
159 161 162 115 131 1307 4095 4095 4095 4095
139 162 121 106 135 1308 4095 4095 4095 4095
159 163 165 113 144 1306 4095 4095 4095 4095
300 163 159 114 122 1306 4095 4095 4095 4095
132 157 126 128 154 4095 4095 4095 1299 4095
137 160 162 115 145 1308 4095 4095 4095 4095
126 160 150 111 172 1308 4095 4095 4095 4095
128 163 161 114 135 1307 4095 4095 4095 4095
127 165 249 116 141 4095 4095 1320 4095 4095
211 164 167 114 139 1307 4095 4095 4095 4095
138 161 128 108 144 1308 4095 4095 4095 4095
134 152 135 110 123 1307 4095 4095 4095 4095
143 158 153 114 153 1307 4095 4095 4095 4095
129 160 234 110 188 4095 4095 1321 4095 4095
141 164 168 115 126 1308 4095 4095 4095 4095
129 164 155 893 126 4095 4095 4095 1298 4095
133 160 120 106 135 1308 4095 4095 4095 4095
139 164 162 113 144 1307 4095 4095 4095 4095
131 159 217 103 149 4095 4095 1320 4095 4095
132 158 122 165 144 4095 4095 4095 1299 4095
124 162 148 437 172 4095 4095 4095 1299 4095
137 157 136 103 196 1308 4095 4095 4095 4095
145 152 139 110 137 1308 4095 4095 4095 4095
167 165 158 115 82 1307 4095 4095 4095 4095
141 158 127 104 160 1308 4095 4095 4095 4095
149 158 133 114 88 1307 4095 4095 4095 4095
580 154 139 112 129 1307 4095 4095 4095 4095
134 157 147 127 232 4095 4095 4095 4095 4095
129 155 134 107 172 1308 4095 4095 4095 4095
157 151 135 111 116 1307 4095 4095 4095 4095
125 165 239 118 128 4095 4095 1320 4095 4095
244 155 133 114 82 1308 4095 4095 4095 4095
153 160 147 111 174 1306 4095 4095 4095 4095
163 160 122 105 142 1306 4095 4095 4095 4095
161 165 156 114 114 1307 4095 4095 4095 4095
117 156 139 108 163 1308 4095 4095 4095 4095
160 163 160 113 102 1307 4095 4095 4095 4095
134 155 148 105 198 1308 4095 4095 4095 4095
118 159 122 130 142 4095 4095 4095 1299 4095
131 163 138 141 73 4095 4095 4095 1298 4095
137 161 162 116 149 1308 4095 4095 4095 4095
143 160 152 108 200 1308 4095 4095 4095 4095
120 158 151 158 198 4095 4095 4095 1299 4095
195 164 155 115 119 1307 4095 4095 4095 4095
177 161 161 114 156 1306 4095 4095 4095 4095
144 160 150 110 182 1307 4095 4095 4095 4095
120 159 132 147 159 4095 4095 4095 1299 4095
148 157 124 103 161 1308 4095 4095 4095 4095
144 152 129 112 103 1307 4095 4095 4095 4095
177 163 171 116 136 1308 4095 4095 4095 4095
162 159 145 104 201 1307 4095 4095 4095 4095
128 160 152 106 183 1307 4095 4095 4095 4095
124 152 233 109 134 4095 4095 1320 4095 4095
106 163 157 115 127 1308 4095 4095 4095 4095
128 165 281 116 131 4095 4095 1321 4095 4095
131 159 150 109 179 1307 4095 4095 4095 4095
157 156 133 112 96 1307 4095 4095 4095 4095
150 160 157 115 123 1308 4095 4095 4095 4095
145 156 135 108 158 1308 4095 4095 4095 4095
123 169 160 142 99 4095 4095 4095 1300 4095
137 158 133 114 77 1308 4095 4095 4095 4095
132 154 131 194 105 4095 4095 4095 1298 4095
171 156 132 113 93 1307 4095 4095 4095 4095
234 159 148 110 166 1307 4095 4095 4095 4095
147 165 168 116 130 1307 4095 4095 4095 4095
2466 256 255 139 223 1307 4095 4095 4095 4095
166 155 137 108 157 1306 4095 4095 4095 4095
187 162 160 116 123 1307 4095 4095 4095 4095
166 159 128 108 136 1307 4095 4095 4095 4095
192 275 282 1012 179 4095 4095 4095 1298 4095
155 158 133 108 151 1306 4095 4095 4095 4095
132 163 297 117 141 4095 4095 1320 4095 4095
1156 253 256 137 192 1303 4095 4095 4095 4095
131 157 235 113 79 4095 4095 1320 4095 4095
157 164 162 116 119 1307 4095 4095 4095 4095
144 157 123 103 151 1308 4095 4095 4095 4095
140 158 134 109 162 1307 4095 4095 4095 4095
143 162 128 108 126 1308 4095 4095 4095 4095
127 164 168 166 138 4095 4095 4095 1299 4095
128 162 257 115 134 4095 4095 1321 4095 4095
196 157 133 108 160 1306 4095 4095 4095 4095
153 165 164 119 130 1307 4095 4095 4095 4095
169 151 134 110 155 1307 4095 4095 4095 4095
127 164 136 319 74 4095 4095 4095 1299 4095
146 158 143 104 192 1308 4095 4095 4095 4095
278 160 150 109 185 1307 4095 4095 4095 4095
133 159 150 149 200 4095 4095 4095 1299 4095
245 160 159 114 156 1308 4095 4095 4095 4095
152 159 121 106 140 1308 4095 4095 4095 4095
129 155 134 692 158 4095 4095 4095 1299 4095
153 160 126 107 142 1308 4095 4095 4095 4095
169 160 120 106 133 1307 4095 4095 4095 4095
221 219 173 129 72 1307 4095 4095 4095 4095
129 154 266 109 140 4095 4095 1320 4095 4095
160 157 132 111 93 1307 4095 4095 4095 4095
204 159 150 108 194 1307 4095 4095 4095 4095
128 159 148 426 158 4095 4095 4095 1299 4095
163 166 167 115 140 1306 4095 4095 4095 4095
158 164 155 115 101 1307 4095 4095 4095 4095
156 166 163 119 110 1308 4095 4095 4095 4095
157 164 156 114 104 1307 4095 4095 4095 4095
195 157 131 103 165 1307 4095 4095 4095 4095
130 152 231 109 145 4095 4095 1319 4095 4095
133 160 149 105 201 1308 4095 4095 4095 4095
150 154 139 108 146 1308 4095 4095 4095 4095
154 161 157 114 117 1307 4095 4095 4095 4095
157 153 139 109 142 1307 4095 4095 4095 4095
134 157 131 791 104 4095 4095 4095 1298 4095
110 155 138 108 156 1308 4095 4095 4095 4095
146 160 130 109 147 1308 4095 4095 4095 4095
181 162 163 115 133 1306 4095 4095 4095 4095
162 151 126 111 97 1306 4095 4095 4095 4095
143 170 159 119 92 1307 4095 4095 4095 4095
129 165 162 190 114 4095 4095 4095 1299 4095
144 165 163 115 135 1308 4095 4095 4095 4095
144 149 128 110 119 1308 4095 4095 4095 4095
120 160 149 143 166 4095 4095 4095 1300 4095
155 160 123 104 146 1307 4095 4095 4095 4095
162 164 168 117 137 1308 4095 4095 4095 4095
151 165 158 114 116 1307 4095 4095 4095 4095
128 211 140 109 145 4095 1325 4095 4095 4095
139 160 134 114 81 1307 4095 4095 4095 4095
128 157 133 148 183 4095 4095 4095 1298 4095
128 154 133 130 163 4095 4095 4095 1299 4095
149 156 132 102 190 1308 4095 4095 4095 4095
148 153 137 111 130 1308 4095 4095 4095 4095
144 162 145 103 198 1309 4095 4095 4095 4095
174 229 203 429 263 4095 4095 4095 1298 4095
187 185 164 115 152 1307 4095 4095 4095 4095
124 161 149 198 175 4095 4095 4095 1299 4095
132 159 149 128 191 4095 4095 4095 1299 4095
138 157 134 114 83 1308 4095 4095 4095 4095
153 156 135 108 155 1306 4095 4095 4095 4095
849 264 222 126 233 1308 4095 4095 4095 4095
129 162 161 590 110 4095 4095 4095 1299 4095
145 157 151 106 199 1308 4095 4095 4095 4095
128 321 140 108 150 4095 1325 4095 4095 4095
143 156 134 108 163 1308 4095 4095 4095 4095
162 164 142 117 73 1307 4095 4095 4095 4095
167 165 169 117 132 1307 4095 4095 4095 4095
145 161 123 107 131 1307 4095 4095 4095 4095
160 165 169 118 134 1308 4095 4095 4095 4095
131 158 150 107 195 1308 4095 4095 4095 4095
130 162 159 181 126 4095 4095 4095 1299 4095
173 159 149 110 192 1307 4095 4095 4095 4095
131 151 137 143 119 4095 4095 4095 1298 4095
254 202 206 124 161 1307 4095 4095 4095 4095
138 164 155 161 110 4095 4095 4095 1299 4095
177 157 151 108 195 1307 4095 4095 4095 4095
151 157 140 108 163 1308 4095 4095 4095 4095
145 160 120 105 137 1307 4095 4095 4095 4095
289 158 150 109 190 1307 4095 4095 4095 4095
1300 227 235 134 158 1308 4095 4095 4095 4095
135 164 165 114 135 1308 4095 4095 4095 4095
150 160 139 115 79 1307 4095 4095 4095 4095
146 163 168 113 129 1307 4095 4095 4095 4095
144 162 129 108 136 1308 4095 4095 4095 4095
136 169 137 109 161 4095 4095 4095 4095 4095
137 163 165 114 134 1307 4095 4095 4095 4095
160 160 149 110 183 1307 4095 4095 4095 4095
135 165 145 118 81 1308 4095 4095 4095 4095
147 163 152 114 112 1307 4095 4095 4095 4095
134 152 210 109 129 4095 4095 1320 4095 4095
134 152 133 176 110 4095 4095 4095 1299 4095
122 170 164 177 110 4095 4095 4095 1299 4095
320 236 151 116 167 4017 4095 4095 4095 4095
138 162 223 114 105 4095 4095 1319 4095 4095
160 162 146 103 201 1307 4095 4095 4095 4095
124 158 904 115 81 4095 4095 1321 4095 4095
155 161 136 115 71 1308 4095 4095 4095 4095
131 165 229 114 144 4095 4095 4095 4095 4095
128 157 228 103 183 4095 4095 1321 4095 4095
163 166 157 116 123 1306 4095 4095 4095 4095
127 166 167 146 129 4095 4095 4095 1299 4095
138 164 146 153 73 4095 4095 4095 1299 4095
118 153 138 132 122 4095 4095 4095 1298 4095
156 163 154 114 109 1307 4095 4095 4095 4095
128 155 133 137 102 4095 4095 4095 1300 4095
131 162 139 191 68 4095 4095 4095 1299 4095
155 158 147 106 201 1307 4095 4095 4095 4095
126 165 161 186 117 4095 4095 4095 1299 4095
126 154 139 162 149 4095 4095 4095 1299 4095
145 165 171 118 138 1308 4095 4095 4095 4095
157 163 127 109 143 1307 4095 4095 4095 4095
151 156 135 108 161 1307 4095 4095 4095 4095
137 160 149 109 193 1308 4095 4095 4095 4095
146 157 133 114 94 1308 4095 4095 4095 4095
133 162 150 112 174 1308 4095 4095 4095 4095
127 151 129 171 82 4095 4095 4095 1298 4095
146 163 167 117 141 1308 4095 4095 4095 4095
138 155 138 108 160 1307 4095 4095 4095 4095
153 161 123 107 136 1307 4095 4095 4095 4095
134 154 139 108 135 1308 4095 4095 4095 4095
140 165 157 116 116 1306 4095 4095 4095 4095
164 161 123 107 128 1306 4095 4095 4095 4095
149 166 172 117 150 1307 4095 4095 4095 4095
130 165 143 117 59 1308 4095 4095 4095 4095
158 157 147 105 202 1308 4095 4095 4095 4095
141 158 132 109 150 1308 4095 4095 4095 4095
153 154 132 108 164 1306 4095 4095 4095 4095
168 160 123 108 135 1307 4095 4095 4095 4095
128 151 207 111 121 4095 4095 1320 4095 4095
169 166 170 116 137 1307 4095 4095 4095 4095
159 161 127 108 143 1307 4095 4095 4095 4095
414 159 150 106 195 1308 4095 4095 4095 4095
172 164 167 118 135 1306 4095 4095 4095 4095
186 155 131 111 105 1306 4095 4095 4095 4095
130 164 223 116 73 4095 4095 1321 4095 4095
141 162 161 114 132 1308 4095 4095 4095 4095
412 153 138 109 145 1307 4095 4095 4095 4095
146 162 149 111 166 1307 4095 4095 4095 4095
141 162 160 114 132 1306 4095 4095 4095 4095
174 156 135 104 194 1306 4095 4095 4095 4095
152 158 149 107 199 1307 4095 4095 4095 4095
132 159 132 109 152 1308 4095 4095 4095 4095
174 160 135 108 160 1307 4095 4095 4095 4095
140 160 146 104 197 1309 4095 4095 4095 4095
122 155 140 128 147 4095 4095 4095 1299 4095
156 165 171 118 136 1307 4095 4095 4095 4095
160 153 140 110 131 1307 4095 4095 4095 4095
175 162 140 117 78 1307 4095 4095 4095 4095
129 154 140 178 157 4095 4095 4095 1299 4095
151 158 151 106 200 1307 4095 4095 4095 4095
129 160 121 130 123 4095 4095 4095 4095 4095
137 159 149 106 197 1307 4095 4095 4095 4095
157 155 139 107 157 1307 4095 4095 4095 4095
142 167 164 119 114 1307 4095 4095 4095 4095
202 156 132 103 196 1307 4095 4095 4095 4095
137 163 121 106 130 1307 4095 4095 4095 4095
142 162 157 113 118 1308 4095 4095 4095 4095
126 155 226 108 164 4095 4095 1320 4095 4095
130 158 148 164 204 4095 4095 4095 1298 4095
140 158 123 104 140 1307 4095 4095 4095 4095
155 164 144 118 72 1306 4095 4095 4095 4095
143 162 162 114 130 1308 4095 4095 4095 4095
154 164 168 115 143 1307 4095 4095 4095 4095
159 165 170 117 137 1307 4095 4095 4095 4095
126 158 150 154 199 4095 4095 4095 1299 4095
135 162 159 115 111 1307 4095 4095 4095 4095
135 161 148 111 169 1308 4095 4095 4095 4095
140 159 122 106 134 1308 4095 4095 4095 4095
161 165 160 115 121 1307 4095 4095 4095 4095
123 161 123 1133 146 4095 4095 4095 1299 4095
144 158 145 112 166 1306 4095 4095 4095 4095
138 160 160 116 142 1308 4095 4095 4095 4095
185 164 169 115 145 1306 4095 4095 4095 4095
172 159 128 103 165 1307 4095 4095 4095 4095
131 155 131 107 157 1308 4095 4095 4095 4095
135 150 128 132 115 4095 4095 4095 1299 4095
145 162 159 114 122 1307 4095 4095 4095 4095
100 165 252 114 109 4095 4095 1321 4095 4095
129 158 147 144 196 4095 4095 4095 1298 4095
131 155 132 125 195 4095 4095 4095 1299 4095
161 160 150 111 177 1307 4095 4095 4095 4095
177 163 158 114 121 1307 4095 4095 4095 4095
137 163 159 113 150 1307 4095 4095 4095 4095
1161 298 302 146 180 1307 4095 4095 4095 4095
160 161 158 114 155 1307 4095 4095 4095 4095
159 160 158 114 156 1306 4095 4095 4095 4095
135 163 153 267 114 4095 4095 4095 1299 4095
153 163 139 118 67 1307 4095 4095 4095 4095
618 156 133 113 90 1306 4095 4095 4095 4095
124 158 308 104 140 4095 4095 1320 4095 4095
141 156 132 114 90 1308 4095 4095 4095 4095
126 152 138 131 143 4095 4095 4095 1300 4095
122 155 137 173 120 4095 4095 4095 1298 4095
130 163 233 116 79 4095 4095 1321 4095 4095
163 157 118 105 131 1307 4095 4095 4095 4095
131 157 226 108 146 4095 4095 1321 4095 4095
136 166 170 166 137 4095 4095 4095 1299 4095
139 157 132 214 89 4095 4095 4095 1300 4095
168 160 150 107 196 1307 4095 4095 4095 4095
166 155 135 108 165 1307 4095 4095 4095 4095
175 163 156 115 109 1307 4095 4095 4095 4095
133 164 156 166 111 4095 4095 4095 1300 4095
688 170 164 119 106 1307 4095 4095 4095 4095
168 163 169 115 154 1307 4095 4095 4095 4095
281 204 202 126 149 1305 4095 4095 4095 4095
161 159 133 108 157 1307 4095 4095 4095 4095
185 163 167 115 104 1308 4095 4095 4095 4095
125 164 164 164 115 4095 4095 4095 1298 4095
152 160 163 115 144 1308 4095 4095 4095 4095
121 155 338 108 162 4095 4095 1320 4095 4095
147 161 122 107 142 1308 4095 4095 4095 4095
146 158 133 108 154 1307 4095 4095 4095 4095
148 162 159 114 115 1307 4095 4095 4095 4095
133 164 368 115 145 4095 4095 1319 4095 4095
136 159 161 114 141 1309 4095 4095 4095 4095
141 158 150 105 189 1308 4095 4095 4095 4095
172 161 164 114 126 1306 4095 4095 4095 4095
156 166 160 115 112 1308 4095 4095 4095 4095
145 163 140 116 83 1307 4095 4095 4095 4095
140 161 161 113 131 1308 4095 4095 4095 4095
171 214 138 111 145 1308 4095 4095 4095 4095
169 158 150 113 162 1307 4095 4095 4095 4095
150 152 137 111 120 1308 4095 4095 4095 4095
142 160 121 104 135 1308 4095 4095 4095 4095
133 163 166 114 141 1307 4095 4095 4095 4095
172 166 171 116 133 1306 4095 4095 4095 4095
171 163 139 117 77 1307 4095 4095 4095 4095
171 212 165 248 56 4095 4095 4095 1299 4095
117 155 127 127 205 4095 4095 4095 1299 4095
126 165 161 143 122 4095 4095 4095 1299 4095
126 158 148 150 203 4095 4095 4095 1299 4095
134 158 148 156 197 4095 4095 4095 1299 4095
126 159 138 155 79 4095 4095 4095 1298 4095
136 150 129 143 108 4095 4095 4095 1298 4095
163 152 138 109 124 1307 4095 4095 4095 4095
147 157 133 114 93 1307 4095 4095 4095 4095
124 162 170 141 135 4095 4095 4095 1299 4095
176 161 164 114 146 1308 4095 4095 4095 4095
143 160 123 105 144 1307 4095 4095 4095 4095
133 164 164 161 129 4095 4095 4095 1299 4095
167 161 123 107 127 1307 4095 4095 4095 4095
130 153 138 194 134 4095 4095 4095 1299 4095
121 161 252 115 140 4095 4095 1321 4095 4095
134 171 176 116 141 4095 4095 4095 4095 4095
133 162 157 184 112 4095 4095 4095 1300 4095
128 150 139 146 132 4095 4095 4095 1298 4095
262 162 155 114 105 1307 4095 4095 4095 4095
133 160 160 114 155 1308 4095 4095 4095 4095
123 165 168 148 145 4095 4095 4095 1300 4095
166 150 139 109 125 1308 4095 4095 4095 4095
153 159 122 107 144 1309 4095 4095 4095 4095
147 164 156 114 106 1308 4095 4095 4095 4095
133 168 125 107 153 4095 4095 4095 4095 4095
171 160 133 109 152 1306 4095 4095 4095 4095
136 158 131 114 78 1306 4095 4095 4095 4095
163 149 131 110 115 1307 4095 4095 4095 4095
177 162 164 114 140 1306 4095 4095 4095 4095
132 165 170 153 137 4095 4095 4095 1299 4095
127 161 123 126 135 4095 4095 4095 1299 4095
128 159 134 133 159 4095 4095 4095 1300 4095
128 163 167 114 138 1307 4095 4095 4095 4095
147 158 135 114 82 1307 4095 4095 4095 4095
165 161 150 111 169 1307 4095 4095 4095 4095
146 164 160 113 128 1308 4095 4095 4095 4095
158 162 148 111 172 1307 4095 4095 4095 4095
131 162 126 122 153 4095 4095 4095 4095 4095
148 162 159 114 126 1308 4095 4095 4095 4095
129 156 207 104 174 4095 4095 1320 4095 4095
160 159 121 104 139 1305 4095 4095 4095 4095
194 159 135 115 81 1307 4095 4095 4095 4095
137 160 161 115 131 1308 4095 4095 4095 4095
102 161 121 105 128 1308 4095 4095 4095 4095
156 161 136 115 77 1306 4095 4095 4095 4095
137 166 166 171 118 4095 4095 4095 1299 4095
149 161 148 111 168 1308 4095 4095 4095 4095
129 166 156 115 110 1308 4095 4095 4095 4095
158 161 123 107 136 1307 4095 4095 4095 4095
165 155 134 108 157 1306 4095 4095 4095 4095
145 160 150 110 180 1307 4095 4095 4095 4095
154 161 123 107 130 1306 4095 4095 4095 4095
121 157 133 141 190 4095 4095 4095 1299 4095
142 158 150 106 202 1306 4095 4095 4095 4095
163 162 167 114 141 1307 4095 4095 4095 4095
153 157 129 103 185 1306 4095 4095 4095 4095
138 161 151 111 174 1307 4095 4095 4095 4095
147 164 139 118 67 1307 4095 4095 4095 4095
140 169 164 119 109 1307 4095 4095 4095 4095
148 156 136 107 162 1307 4095 4095 4095 4095
134 157 133 335 96 4095 4095 4095 1299 4095
119 166 156 139 115 4095 4095 4095 1299 4095
143 151 130 112 110 1308 4095 4095 4095 4095
174 162 156 114 118 1307 4095 4095 4095 4095
134 160 149 104 184 1308 4095 4095 4095 4095
117 159 150 165 195 4095 4095 4095 1299 4095
474 192 171 116 167 1307 4095 4095 4095 4095
151 163 158 114 110 1307 4095 4095 4095 4095
121 162 203 108 132 4095 4095 1321 4095 4095
153 152 139 110 125 1307 4095 4095 4095 4095
133 155 129 150 107 4095 4095 4095 1299 4095
155 151 137 111 116 1307 4095 4095 4095 4095
142 162 159 114 124 1308 4095 4095 4095 4095
140 160 150 109 176 1307 4095 4095 4095 4095
154 162 163 116 131 1307 4095 4095 4095 4095
127 160 149 127 209 4095 4095 4095 1300 4095
128 166 263 118 126 4095 4095 1321 4095 4095
200 158 151 108 186 1307 4095 4095 4095 4095
131 158 147 112 169 1307 4095 4095 4095 4095
153 162 163 116 122 1307 4095 4095 4095 4095
166 163 156 116 109 1307 4095 4095 4095 4095
166 156 131 103 179 1307 4095 4095 4095 4095
139 158 131 103 196 1307 4095 4095 4095 4095
330 157 141 108 146 1306 4095 4095 4095 4095
133 168 158 116 136 1306 4095 4095 4095 4095
135 157 135 170 165 4095 4095 4095 1298 4095
162 160 151 110 186 1306 4095 4095 4095 4095
152 168 159 120 104 1306 4095 4095 4095 4095
137 161 131 109 145 1307 4095 4095 4095 4095
176 157 135 108 147 1307 4095 4095 4095 4095
153 154 142 107 152 1307 4095 4095 4095 4095
137 160 150 110 186 1307 4095 4095 4095 4095
161 164 158 114 127 1307 4095 4095 4095 4095
163 159 149 109 185 1307 4095 4095 4095 4095
138 156 125 103 159 1307 4095 4095 4095 4095
149 160 119 106 104 1308 4095 4095 4095 4095
164 160 122 106 137 1307 4095 4095 4095 4095
123 160 148 174 170 4095 4095 4095 1299 4095
178 164 141 118 73 1306 4095 4095 4095 4095
133 168 167 119 118 1307 4095 4095 4095 4095
143 165 172 117 137 1307 4095 4095 4095 4095
150 156 134 113 79 1307 4095 4095 4095 4095
133 165 738 114 121 4095 4095 1320 4095 4095
141 158 123 104 140 1307 4095 4095 4095 4095
128 153 201 109 121 4095 4095 4095 4095 4095
144 167 167 118 127 1307 4095 4095 4095 4095
159 160 157 113 155 1306 4095 4095 4095 4095
131 164 166 134 136 4095 4095 4095 1299 4095
131 159 133 140 146 4095 4095 4095 1299 4095
123 156 232 109 163 4095 4095 1319 4095 4095
123 162 163 187 135 4095 4095 4095 1299 4095
146 156 133 113 97 1307 4095 4095 4095 4095
141 157 134 135 99 4095 4095 4095 1299 4095
157 161 136 116 81 1307 4095 4095 4095 4095
151 160 129 108 143 1308 4095 4095 4095 4095
164 161 132 108 137 1307 4095 4095 4095 4095
175 164 157 116 114 1307 4095 4095 4095 4095
164 159 149 108 188 1307 4095 4095 4095 4095
141 161 156 114 111 1307 4095 4095 4095 4095
155 153 131 112 99 1307 4095 4095 4095 4095
121 161 145 160 203 4095 4095 4095 1299 4095
123 155 139 188 141 4095 4095 4095 1299 4095
137 161 131 108 148 1307 4095 4095 4095 4095
123 163 150 157 183 4095 4095 4095 1299 4095
149 156 134 104 191 1308 4095 4095 4095 4095
125 166 170 164 131 4095 4095 4095 1299 4095
129 166 163 140 117 4095 4095 4095 1299 4095
127 163 222 109 191 4095 4095 4095 4095 4095
147 157 149 106 209 1306 4095 4095 4095 4095
151 164 153 115 105 1306 4095 4095 4095 4095
128 161 150 395 181 4095 4095 4095 1298 4095
142 161 151 109 176 1306 4095 4095 4095 4095
129 152 137 164 124 4095 4095 4095 1298 4095
147 161 163 116 119 1307 4095 4095 4095 4095
143 161 138 117 73 1307 4095 4095 4095 4095
118 165 161 141 123 4095 4095 4095 1299 4095
134 153 294 109 136 4095 4095 1320 4095 4095
3076 246 220 121 334 1308 4095 4095 4095 4095
155 157 135 102 199 1307 4095 4095 4095 4095
140 163 136 116 74 1307 4095 4095 4095 4095
1091 231 181 128 97 1307 4095 4095 4095 4095
130 163 161 183 126 4095 4095 4095 1299 4095
140 153 133 131 161 4095 4095 4095 1299 4095
179 166 171 118 129 1308 4095 4095 4095 4095
190 210 164 125 83 1307 4095 4095 4095 4095
161 164 169 117 138 1306 4095 4095 4095 4095
123 162 162 115 125 1307 4095 4095 4095 4095
123 161 149 961 307 4095 4095 4095 1299 1347
133 159 151 107 201 1307 4095 4095 4095 4095
142 161 148 110 178 1308 4095 4095 4095 4095
163 166 141 119 74 1307 4095 4095 4095 4095
144 158 134 102 198 1308 4095 4095 4095 4095
140 165 171 116 145 1308 4095 4095 4095 4095
143 152 137 109 127 1308 4095 4095 4095 4095
149 158 151 108 199 1307 4095 4095 4095 4095
133 159 193 105 144 4095 4095 1320 4095 4095
149 160 135 108 158 1307 4095 4095 4095 4095
127 161 123 157 138 4095 4095 4095 1299 4095
204 215 223 130 157 1308 4095 4095 4095 4095
118 155 232 108 146 4095 4095 1320 4095 4095
137 168 162 119 93 1308 4095 4095 4095 4095
127 153 135 133 116 4095 4095 4095 1299 4095
150 156 152 108 199 1307 4095 4095 4095 4095
148 160 120 106 141 1307 4095 4095 4095 4095
134 165 168 115 139 1307 4095 4095 4095 4095
165 222 185 570 53 4095 4095 4095 1299 4095
120 157 138 147 154 4095 4095 4095 1300 4095
164 162 138 116 70 1306 4095 4095 4095 4095
148 158 124 108 143 1307 4095 4095 4095 4095
221 156 139 108 151 1308 4095 4095 4095 4095
256 158 133 114 82 1307 4095 4095 4095 4095
149 158 135 109 164 1306 4095 4095 4095 4095
142 165 167 117 125 1308 4095 4095 4095 4095
141 154 138 108 136 1308 4095 4095 4095 4095
125 164 156 141 116 4095 4095 4095 1299 4095
126 164 137 140 74 4095 4095 4095 1299 4095
129 155 132 146 99 4095 4095 4095 1299 4095
131 164 128 108 128 1308 4095 4095 4095 4095
160 157 149 103 198 1307 4095 4095 4095 4095
158 163 142 118 70 1308 4095 4095 4095 4095
224 218 198 118 266 1307 4095 4095 4095 4095
121 159 134 145 158 4095 4095 4095 1299 4095
168 162 166 114 135 1307 4095 4095 4095 4095
146 163 161 115 121 1308 4095 4095 4095 4095
121 161 150 173 183 4095 4095 4095 1299 4095
132 156 138 108 164 1308 4095 4095 4095 4095
158 163 156 114 113 1307 4095 4095 4095 4095
133 157 138 106 127 1307 4095 4095 4095 4095
156 162 163 114 134 1308 4095 4095 4095 4095
166 159 149 109 187 1308 4095 4095 4095 4095
143 161 161 115 138 1307 4095 4095 4095 4095
130 161 138 172 80 4095 4095 4095 1299 4095
146 161 159 115 141 1309 4095 4095 4095 4095
136 152 127 172 115 4095 4095 4095 1299 4095
170 154 132 112 86 1307 4095 4095 4095 4095
1437 228 234 129 158 1309 4095 4095 4095 4095
135 159 240 106 134 4095 4095 1320 4095 4095
133 159 161 145 146 4095 4095 4095 1299 4095
162 165 156 115 108 1307 4095 4095 4095 4095
134 163 137 115 68 1308 4095 4095 4095 4095
142 161 129 108 146 4095 4095 4095 4095 4095
457 162 163 114 135 1307 4095 4095 4095 4095
139 159 149 110 190 1308 4095 4095 4095 4095
129 165 167 117 143 1308 4095 4095 4095 4095
128 163 160 195 137 4095 4095 4095 1299 4095
145 161 163 114 125 1307 4095 4095 4095 4095
153 158 136 114 89 1308 4095 4095 4095 4095
175 161 136 115 68 1307 4095 4095 4095 4095
136 165 145 118 70 1307 4095 4095 4095 4095
549 217 218 128 167 1308 4095 4095 4095 4095
126 165 162 151 116 4095 4095 4095 1299 4095
187 155 138 107 169 1307 4095 4095 4095 4095
175 165 173 116 138 1307 4095 4095 4095 4095
149 165 171 115 141 1307 4095 4095 4095 4095
130 160 150 145 186 4095 4095 4095 1299 4095
126 161 897 103 197 4095 4095 1320 4095 4095
167 234 230 201 200 4095 4095 4095 1299 4095
133 156 150 204 197 4095 4095 4095 1298 4095
122 165 257 116 120 4095 4095 1321 4095 4095
149 163 168 115 145 1308 4095 4095 4095 4095
231 162 157 114 120 1307 4095 4095 4095 4095
138 160 125 107 134 1308 4095 4095 4095 4095
163 152 138 110 130 1306 4095 4095 4095 4095
139 162 489 116 79 4095 4095 1319 4095 4095
127 160 120 131 135 4095 4095 4095 1298 4095
252 161 124 108 133 1308 4095 4095 4095 4095
172 159 158 115 114 1307 4095 4095 4095 4095
129 163 162 172 113 4095 4095 4095 1299 4095
134 157 150 107 195 1308 4095 4095 4095 4095
122 157 134 132 160 4095 4095 4095 1298 4095
182 162 161 115 132 1307 4095 4095 4095 4095
178 158 133 114 83 1306 4095 4095 4095 4095
136 160 149 104 197 1306 4095 4095 4095 4095
135 154 131 111 106 1308 4095 4095 4095 4095
172 155 133 111 103 1306 4095 4095 4095 4095
144 161 135 116 78 1308 4095 4095 4095 4095
163 156 134 108 162 1307 4095 4095 4095 4095
158 157 137 114 84 1307 4095 4095 4095 4095
145 161 161 116 128 1307 4095 4095 4095 4095
122 160 150 141 194 4095 4095 4095 1298 4095
128 158 123 177 149 4095 4095 4095 1300 4095
151 162 161 116 129 1308 4095 4095 4095 4095
183 164 161 114 132 1307 4095 4095 4095 4095
158 163 172 113 134 1307 4095 4095 4095 4095
146 165 171 116 136 1307 4095 4095 4095 4095
145 160 122 104 139 1308 4095 4095 4095 4095
158 164 155 113 112 1307 4095 4095 4095 4095
202 156 131 103 181 1306 4095 4095 4095 4095
126 166 169 635 139 4095 4095 4095 1299 4095
139 153 135 111 103 1308 4095 4095 4095 4095
168 154 134 113 102 1307 4095 4095 4095 4095
209 156 132 114 80 1307 4095 4095 4095 4095
145 163 156 115 112 1308 4095 4095 4095 4095
180 153 134 107 161 1307 4095 4095 4095 4095
150 165 170 118 136 1307 4095 4095 4095 4095
129 169 189 110 144 4095 4095 4095 4095 4095
135 154 141 151 139 4095 4095 4095 1299 4095
206 156 137 114 82 1307 4095 4095 4095 4095
