135 165 158 114 117 1307 4095 4095 4095 4095
139 164 170 198 139 4095 4095 4095 1299 4095
129 157 141 132 161 4095 4095 4095 1300 4095
222 156 142 108 143 1308 4095 4095 4095 4095
132 165 156 154 117 4095 4095 4095 1299 4095
138 164 163 115 124 1309 4095 4095 4095 4095
147 160 151 109 186 1307 4095 4095 4095 4095
265 163 122 106 146 1307 4095 4095 4095 4095
134 160 135 175 78 4095 4095 4095 1299 4095
132 170 261 119 82 4095 4095 1321 4095 4095
179 156 135 114 88 1307 4095 4095 4095 4095
164 163 156 115 112 1306 4095 4095 4095 4095
127 158 231 103 150 4095 4095 1321 4095 4095
133 160 125 254 146 4095 4095 4095 1299 4095
283 161 121 104 135 1307 4095 4095 4095 4095
233 162 124 107 135 1307 4095 4095 4095 4095
122 149 131 138 121 4095 4095 4095 1300 4095
126 164 164 160 108 4095 4095 4095 1300 4095
130 157 138 215 158 4095 4095 4095 1299 4095
4095 730 223 123 292 1328 1326 4095 4095 4095
241 156 136 113 96 1307 4095 4095 4095 4095
152 157 133 112 98 1308 4095 4095 4095 4095
176 160 132 109 142 1306 4095 4095 4095 4095
127 162 154 205 189 4095 4095 4095 1299 4095
306 163 163 115 133 1307 4095 4095 4095 4095
145 160 135 115 81 1308 4095 4095 4095 4095
130 155 142 109 138 1308 4095 4095 4095 4095
142 157 151 107 208 1307 4095 4095 4095 4095
129 164 162 114 114 1307 4095 4095 4095 4095
150 165 171 116 148 1308 4095 4095 4095 4095
175 156 143 108 154 1307 4095 4095 4095 4095
130 161 121 130 136 4095 4095 4095 1299 4095
151 163 170 114 138 1307 4095 4095 4095 4095
123 164 163 153 121 4095 4095 4095 1298 4095
128 156 141 205 153 4095 4095 4095 1299 4095
139 158 135 109 143 1308 4095 4095 4095 4095
140 162 162 114 153 1307 4095 4095 4095 4095
216 165 165 115 130 1307 4095 4095 4095 4095
123 159 123 137 146 4095 4095 4095 1299 4095
286 156 143 109 156 1307 4095 4095 4095 4095
137 161 121 106 139 1307 4095 4095 4095 4095
479 220 173 129 46 1307 4095 4095 4095 4095
143 156 128 104 176 1307 4095 4095 4095 4095
129 163 126 108 134 1307 4095 4095 4095 4095
125 165 139 163 68 4095 4095 4095 1298 4095
674 171 162 119 97 1308 4095 4095 4095 4095
457 158 136 107 160 1307 4095 4095 4095 4095
129 158 202 113 79 4095 4095 1312 4095 4095
132 161 149 135 189 4095 4095 4095 1300 4095
202 214 224 128 158 1307 4095 4095 4095 4095
128 328 167 113 133 4095 1325 4095 4095 4095
160 164 162 116 132 1307 4095 4095 4095 4095
165 167 172 118 128 1306 4095 4095 4095 4095
175 160 133 109 147 1307 4095 4095 4095 4095
156 159 130 104 176 1307 4095 4095 4095 4095
259 156 142 108 153 1307 4095 4095 4095 4095
124 161 122 197 138 4095 4095 4095 1299 4095
163 165 163 116 117 1307 4095 4095 4095 4095
135 173 233 115 143 4095 4095 4095 4095 4095
151 161 133 109 149 1306 4095 4095 4095 4095
162 162 134 108 138 1307 4095 4095 4095 4095
132 163 164 171 128 4095 4095 4095 1298 4095
184 165 161 115 112 1307 4095 4095 4095 4095
129 162 164 115 128 1308 4095 4095 4095 4095
137 163 164 114 123 1308 4095 4095 4095 4095
155 148 131 110 123 1307 4095 4095 4095 4095
146 160 134 108 149 1307 4095 4095 4095 4095
169 168 164 119 112 1307 4095 4095 4095 4095
139 163 164 116 120 1308 4095 4095 4095 4095
148 154 140 108 158 1306 4095 4095 4095 4095
148 162 150 112 151 1307 4095 4095 4095 4095
138 148 131 110 116 1307 4095 4095 4095 4095
180 168 161 119 106 1306 4095 4095 4095 4095
130 164 162 190 110 4095 4095 4095 1299 4095
143 163 134 108 150 1307 4095 4095 4095 4095
127 156 136 190 95 4095 4095 4095 1300 4095
167 150 132 111 115 1307 4095 4095 4095 4095
144 164 163 114 130 1308 4095 4095 4095 4095
164 168 157 118 97 1307 4095 4095 4095 4095
134 165 167 168 138 4095 4095 4095 1299 4095
166 152 141 109 143 1306 4095 4095 4095 4095
151 153 140 108 146 1308 4095 4095 4095 4095
165 164 158 114 171 1307 4095 4095 4095 4095
156 156 134 113 97 1307 4095 4095 4095 4095
166 161 165 115 133 1307 4095 4095 4095 4095
163 165 158 116 109 1307 4095 4095 4095 4095
129 157 147 176 165 4095 4095 4095 1298 4095
147 159 144 112 164 1307 4095 4095 4095 4095
456 163 166 115 128 1307 4095 4095 4095 4095
137 163 160 115 141 1307 4095 4095 4095 4095
148 160 122 108 142 1307 4095 4095 4095 4095
137 158 135 114 75 1307 4095 4095 4095 4095
470 217 223 131 148 1307 4095 4095 4095 4095
183 157 138 108 158 1307 4095 4095 4095 4095
129 154 133 145 97 4095 4095 4095 1300 4095
156 162 162 114 138 1307 4095 4095 4095 4095
171 160 150 111 157 1308 4095 4095 4095 4095
144 163 161 116 135 1309 4095 4095 4095 4095
134 158 150 107 196 1307 4095 4095 4095 4095
124 158 153 130 201 4095 4095 4095 1299 4095
167 211 199 120 244 1309 4095 4095 4095 4095
252 158 152 107 204 1307 4095 4095 4095 4095
132 162 234 110 190 4095 4095 1321 4095 4095
230 162 138 117 96 1308 4095 4095 4095 4095
130 169 162 176 103 4095 4095 4095 1299 4095
106 164 155 136 118 4095 4095 4095 1299 4095
165 155 134 108 159 1307 4095 4095 4095 4095
132 158 129 103 170 1306 4095 4095 4095 4095
192 160 126 108 137 1307 4095 4095 4095 4095
164 155 134 111 103 1306 4095 4095 4095 4095
147 158 130 104 169 1308 4095 4095 4095 4095
161 160 153 111 164 1308 4095 4095 4095 4095
171 160 165 116 131 1306 4095 4095 4095 4095
164 160 136 108 157 1309 4095 4095 4095 4095
138 158 136 109 151 1307 4095 4095 4095 4095
152 155 139 109 135 1307 4095 4095 4095 4095
124 240 162 114 145 4095 1326 4095 4095 4095
169 164 165 114 141 1307 4095 4095 4095 4095
514 207 198 128 113 1307 4095 4095 4095 4095
111 154 137 189 120 4095 4095 4095 1298 4095
156 163 159 115 144 1308 4095 4095 4095 4095
143 164 161 115 119 1308 4095 4095 4095 4095
171 162 164 116 84 1306 4095 4095 4095 4095
131 159 121 105 131 1308 4095 4095 4095 4095
154 161 125 108 139 1307 4095 4095 4095 4095
138 165 163 114 140 1307 4095 4095 4095 4095
137 154 138 112 121 1307 4095 4095 4095 4095
175 163 150 112 170 1307 4095 4095 4095 4095
177 162 165 115 136 1306 4095 4095 4095 4095
166 166 165 119 118 1307 4095 4095 4095 4095
195 165 145 117 78 1306 4095 4095 4095 4095
172 163 157 115 117 1308 4095 4095 4095 4095
221 205 169 115 204 1306 4095 4095 4095 4095
142 162 160 114 130 1307 4095 4095 4095 4095
162 153 128 112 105 1306 4095 4095 4095 4095
160 164 172 117 129 1307 4095 4095 4095 4095
181 166 159 115 109 1306 4095 4095 4095 4095
232 210 140 110 155 1306 4095 4095 4095 4095
137 158 152 107 207 1307 4095 4095 4095 4095
120 160 151 135 205 4095 4095 4095 1300 4095
123 217 164 115 118 4095 1325 4095 4095 4095
132 164 498 114 117 4095 4095 1320 4095 4095
232 159 124 107 136 1307 4095 4095 4095 4095
181 161 122 104 143 1307 4095 4095 4095 4095
180 165 157 114 112 1306 4095 4095 4095 4095
153 166 171 118 133 1308 4095 4095 4095 4095
156 160 150 110 188 1308 4095 4095 4095 4095
131 161 195 114 79 4095 4095 4095 4095 4095
136 165 170 146 136 4095 4095 4095 1298 4095
175 160 125 104 142 1306 4095 4095 4095 4095
213 157 135 109 157 1307 4095 4095 4095 4095
146 153 140 108 148 1308 4095 4095 4095 4095
131 161 122 152 138 4095 4095 4095 1299 4095
173 159 131 109 154 1307 4095 4095 4095 4095
152 149 132 110 119 1308 4095 4095 4095 4095
145 155 137 108 156 1306 4095 4095 4095 4095
161 152 137 110 116 1306 4095 4095 4095 4095
158 157 125 103 143 1306 4095 4095 4095 4095
166 163 163 115 116 1306 4095 4095 4095 4095
368 165 161 116 117 1307 4095 4095 4095 4095
155 164 162 115 111 1306 4095 4095 4095 4095
153 164 161 115 144 1307 4095 4095 4095 4095
154 160 153 105 197 1306 4095 4095 4095 4095
175 162 131 108 153 1306 4095 4095 4095 4095
124 153 140 759 127 4095 4095 4095 1298 4095
158 158 146 111 167 1306 4095 4095 4095 4095
158 165 172 115 140 1306 4095 4095 4095 4095
139 159 152 108 194 1308 4095 4095 4095 4095
300 154 141 108 142 1307 4095 4095 4095 4095
160 157 136 102 188 1308 4095 4095 4095 4095
165 159 126 103 150 1307 4095 4095 4095 4095
124 162 211 106 129 4095 4095 1320 4095 4095
150 152 132 111 120 1308 4095 4095 4095 4095
127 150 234 109 112 4095 4095 1321 4095 4095
130 161 151 457 171 4095 4095 4095 1299 4095
131 162 120 106 131 1307 4095 4095 4095 4095
147 154 137 110 142 1307 4095 4095 4095 4095
183 158 132 109 159 1306 4095 4095 4095 4095
129 162 140 159 77 4095 4095 4095 1299 4095
131 162 144 169 79 4095 4095 4095 1298 4095
135 160 130 102 169 1308 4095 4095 4095 4095
134 151 207 110 134 4095 4095 1320 4095 4095
146 163 163 116 129 1308 4095 4095 4095 4095
146 159 150 107 197 1307 4095 4095 4095 4095
127 151 141 158 119 4095 4095 4095 1299 4095
126 155 134 162 101 4095 4095 4095 1299 4095
202 161 126 107 138 1307 4095 4095 4095 4095
174 160 136 108 115 1307 4095 4095 4095 4095
159 159 150 104 211 1308 4095 4095 4095 4095
581 194 141 111 153 1306 4095 4095 4095 4095
135 161 150 110 178 1309 4095 4095 4095 4095
152 228 668 130 154 4095 4095 1320 4095 4095
159 153 135 113 101 1308 4095 4095 4095 4095
170 162 152 108 190 1307 4095 4095 4095 4095
136 167 159 114 112 1308 4095 4095 4095 4095
172 237 213 1048 291 4095 4095 4095 1299 4095
141 165 162 114 121 1308 4095 4095 4095 4095
128 159 150 139 171 4095 4095 4095 1299 4095
139 157 143 107 157 1307 4095 4095 4095 4095
156 159 134 114 72 1308 4095 4095 4095 4095
127 152 239 108 155 4095 4095 1320 4095 4095
165 165 168 114 136 1307 4095 4095 4095 4095
132 164 155 144 118 4095 4095 4095 1300 4095
173 156 135 107 154 1307 4095 4095 4095 4095
1370 207 180 115 202 1308 4095 4095 4095 4095
124 168 264 120 93 4095 4095 1320 4095 4095
145 158 126 104 145 1308 4095 4095 4095 4095
180 167 159 114 119 1306 4095 4095 4095 4095
126 168 165 606 114 4095 4095 4095 1298 4095
133 164 165 143 134 4095 4095 4095 1300 4095
158 163 171 114 175 1307 4095 4095 4095 4095
125 161 224 105 130 4095 4095 1321 4095 4095
133 164 172 115 139 1307 4095 4095 4095 4095
126 157 221 109 164 4095 4095 1320 4095 4095
351 160 151 108 200 1308 4095 4095 4095 4095
127 160 120 190 132 4095 4095 4095 1299 4095
118 163 148 140 118 4095 4095 4095 1299 4095
155 165 155 115 111 1308 4095 4095 4095 4095
165 157 153 107 201 1307 4095 4095 4095 4095
128 209 128 103 157 4095 1326 4095 4095 4095
140 158 123 104 150 1308 4095 4095 4095 4095
138 165 247 116 131 4095 4095 1321 4095 4095
133 165 157 922 113 4095 4095 4095 1299 4095
682 166 160 114 123 1307 4095 4095 4095 4095
147 153 140 109 132 1308 4095 4095 4095 4095
158 165 164 118 107 1307 4095 4095 4095 4095
127 211 165 116 123 4095 4095 4095 4095 4095
125 162 167 182 135 4095 4095 4095 1298 4095
115 165 223 115 140 4095 4095 1320 4095 4095
146 162 157 113 130 1309 4095 4095 4095 4095
122 161 149 413 169 4095 4095 4095 1298 4095
153 161 150 110 177 1307 4095 4095 4095 4095
149 164 161 114 124 1308 4095 4095 4095 4095
108 158 124 102 125 1308 4095 4095 4095 4095
166 157 135 108 164 1306 4095 4095 4095 4095
156 153 141 108 136 1307 4095 4095 4095 4095
136 154 204 111 103 4095 4095 1320 4095 4095
156 164 142 118 78 1307 4095 4095 4095 4095
153 156 134 112 106 1307 4095 4095 4095 4095
2035 200 188 122 126 1308 4095 4095 4095 4095
164 215 185 739 198 4095 4095 4095 1299 4095
131 166 234 119 128 4095 4095 4095 4095 4095
137 221 156 116 111 4095 4095 4095 4095 4095
145 166 145 117 73 1307 4095 4095 4095 4095
149 162 140 116 66 1307 4095 4095 4095 4095
160 163 141 115 73 1305 4095 4095 4095 4095
162 164 158 115 109 1306 4095 4095 4095 4095
168 159 129 103 177 1306 4095 4095 4095 4095
175 167 156 119 83 1307 4095 4095 4095 4095
168 155 142 107 147 1306 4095 4095 4095 4095
175 154 143 109 155 1306 4095 4095 4095 4095
141 156 139 108 153 1307 4095 4095 4095 4095
293 161 162 113 158 1307 4095 4095 4095 4095
251 164 169 115 136 1307 4095 4095 4095 4095
150 162 123 105 144 1307 4095 4095 4095 4095
144 162 163 115 125 1306 4095 4095 4095 4095
213 156 129 103 169 1307 4095 4095 4095 4095
215 160 150 106 205 1306 4095 4095 4095 4095
137 162 168 115 140 1307 4095 4095 4095 4095
116 160 154 163 197 4095 4095 4095 1300 4095
130 154 132 149 102 4095 4095 4095 1299 4095
198 168 156 119 93 1307 4095 4095 4095 4095
161 156 133 103 177 1308 4095 4095 4095 4095
140 160 149 106 202 1307 4095 4095 4095 4095
156 159 134 113 82 1307 4095 4095 4095 4095
170 165 170 116 133 1307 4095 4095 4095 4095
143 164 172 115 134 1308 4095 4095 4095 4095
174 158 139 108 154 1307 4095 4095 4095 4095
409 229 233 134 156 1307 4095 4095 4095 4095
193 163 128 108 141 1307 4095 4095 4095 4095
143 157 135 109 163 1307 4095 4095 4095 4095
133 169 156 119 82 1308 4095 4095 4095 4095
204 159 134 109 160 1306 4095 4095 4095 4095
120 162 149 138 164 4095 4095 4095 1299 4095
433 236 231 138 122 1307 4095 4095 4095 4095
169 158 154 113 149 1306 4095 4095 4095 4095
145 157 130 103 163 1307 4095 4095 4095 4095
135 164 158 195 124 4095 4095 4095 1299 4095
156 164 138 117 83 1307 4095 4095 4095 4095
137 157 124 103 150 1308 4095 4095 4095 4095
305 190 137 108 161 1308 4095 4095 4095 4095
129 164 212 108 138 4095 4095 1320 4095 4095
140 154 139 108 135 1308 4095 4095 4095 4095
155 163 169 115 136 1307 4095 4095 4095 4095
129 159 248 107 198 4095 4095 1321 4095 4095
131 165 159 114 108 1307 4095 4095 4095 4095
119 167 174 169 131 4095 4095 4095 1299 4095
129 156 206 112 94 4095 4095 1321 4095 4095
156 162 167 114 152 1307 4095 4095 4095 4095
132 161 125 170 134 4095 4095 4095 1299 4095
144 165 168 119 132 1308 4095 4095 4095 4095
224 158 134 114 36 1307 4095 4095 4095 4095
454 158 135 108 158 1307 4095 4095 4095 4095
132 164 137 173 74 4095 4095 4095 1299 4095
148 168 152 119 80 1307 4095 4095 4095 4095
148 164 160 113 109 1307 4095 4095 4095 4095
140 163 163 116 117 1307 4095 4095 4095 4095
167 161 130 108 140 1306 4095 4095 4095 4095
137 162 124 107 139 1307 4095 4095 4095 4095
138 165 171 115 142 1307 4095 4095 4095 4095
144 166 161 115 110 1306 4095 4095 4095 4095
172 157 136 113 80 1306 4095 4095 4095 4095
134 156 151 125 204 4095 4095 4095 4095 4095
134 154 140 108 165 1307 4095 4095 4095 4095
142 169 165 118 105 1307 4095 4095 4095 4095
153 159 132 102 179 1307 4095 4095 4095 4095
144 156 127 103 161 1308 4095 4095 4095 4095
172 162 126 106 137 1306 4095 4095 4095 4095
127 158 136 108 154 1307 4095 4095 4095 4095
146 167 158 119 95 1307 4095 4095 4095 4095
165 167 167 119 122 1305 4095 4095 4095 4095
137 165 142 147 76 4095 4095 4095 1299 4095
521 221 146 113 161 1307 4095 4095 4095 4095
137 162 151 110 178 1308 4095 4095 4095 4095
158 162 126 108 140 1307 4095 4095 4095 4095
133 156 135 108 161 1307 4095 4095 4095 4095
154 167 167 119 135 1307 4095 4095 4095 4095
154 168 155 118 87 1306 4095 4095 4095 4095
324 165 160 114 114 1307 4095 4095 4095 4095
157 157 127 103 145 1307 4095 4095 4095 4095
144 165 142 117 70 1307 4095 4095 4095 4095
131 157 135 132 89 4095 4095 4095 4095 4095
129 161 135 187 147 4095 4095 4095 1299 4095
135 156 132 147 94 4095 4095 4095 1299 4095
132 159 149 147 194 4095 4095 4095 1298 4095
143 158 135 103 178 1308 4095 4095 4095 4095
140 163 157 114 123 1307 4095 4095 4095 4095
131 166 271 115 115 4095 4095 1320 4095 4095
176 162 151 108 215 1307 4095 4095 4095 4095
163 160 121 106 109 1306 4095 4095 4095 4095
164 151 138 111 127 1306 4095 4095 4095 4095
165 165 140 116 76 1308 4095 4095 4095 4095
152 159 152 108 194 1307 4095 4095 4095 4095
179 152 138 110 123 1306 4095 4095 4095 4095
141 162 160 114 155 1307 4095 4095 4095 4095
123 160 150 160 200 4095 4095 4095 1300 4095
169 160 160 114 177 1307 4095 4095 4095 4095
174 164 163 114 129 1306 4095 4095 4095 4095
155 159 122 105 137 1306 4095 4095 4095 4095
132 161 134 109 151 1307 4095 4095 4095 4095
126 167 253 119 118 4095 4095 1320 4095 4095
154 161 150 109 196 1307 4095 4095 4095 4095
156 160 150 105 204 1307 4095 4095 4095 4095
2415 271 202 136 120 1307 4095 4095 4095 4095
117 162 183 107 138 4095 4095 1320 4095 4095
143 156 134 113 88 1308 4095 4095 4095 4095
132 164 260 117 121 4095 4095 1321 4095 4095
152 158 135 113 79 1308 4095 4095 4095 4095
123 160 227 109 190 4095 4095 1320 4095 4095
173 165 167 118 125 1308 4095 4095 4095 4095
142 159 151 113 163 1307 4095 4095 4095 4095
124 162 156 506 157 4095 4095 4095 1298 4095
147 159 152 109 195 1307 4095 4095 4095 4095
154 156 133 114 92 1307 4095 4095 4095 4095
134 161 161 114 155 1307 4095 4095 4095 4095
4095 281 210 148 547 1312 4095 4095 4095 1391
143 165 156 114 110 1308 4095 4095 4095 4095
200 199 177 115 193 1308 4095 4095 4095 4095
140 165 172 117 131 1307 4095 4095 4095 4095
142 166 172 115 140 1308 4095 4095 4095 4095
156 156 132 114 91 1307 4095 4095 4095 4095
145 167 171 116 138 1307 4095 4095 4095 4095
194 159 153 108 196 1307 4095 4095 4095 4095
130 162 150 996 192 4095 4095 4095 1298 4095
136 150 139 135 127 4095 4095 4095 1299 4095
785 159 123 105 146 1308 4095 4095 4095 4095
161 155 135 108 159 1307 4095 4095 4095 4095
136 160 150 105 201 1308 4095 4095 4095 4095
152 165 167 118 129 1307 4095 4095 4095 4095
171 163 130 109 149 1307 4095 4095 4095 4095
129 156 135 145 158 4095 4095 4095 1298 4095
196 161 123 104 143 1307 4095 4095 4095 4095
135 167 168 917 121 4095 4095 4095 1299 4095
165 164 143 119 72 1305 4095 4095 4095 4095
153 154 141 109 147 1307 4095 4095 4095 4095
142 156 136 108 165 1308 4095 4095 4095 4095
154 158 150 113 152 1307 4095 4095 4095 4095
151 160 134 108 143 1307 4095 4095 4095 4095
124 160 199 114 78 4095 4095 4095 4095 4095
154 165 158 116 112 1306 4095 4095 4095 4095
179 155 143 108 160 1306 4095 4095 4095 4095
158 154 134 106 171 1306 4095 4095 4095 4095
150 154 132 112 99 1308 4095 4095 4095 4095
241 157 133 111 106 1306 4095 4095 4095 4095
1036 229 200 124 168 1308 4095 4095 4095 4095
158 154 141 109 148 1307 4095 4095 4095 4095
164 164 163 116 123 1306 4095 4095 4095 4095
239 219 159 107 198 1307 4095 4095 4095 4095
133 158 126 145 155 4095 4095 4095 1300 4095
128 159 122 155 140 4095 4095 4095 1299 4095
177 165 167 118 128 1307 4095 4095 4095 4095
147 152 141 110 138 1308 4095 4095 4095 4095
139 161 121 105 135 1308 4095 4095 4095 4095
129 168 172 115 143 1307 4095 4095 4095 4095
175 163 172 115 142 1307 4095 4095 4095 4095
136 152 139 109 145 1307 4095 4095 4095 4095
203 184 163 114 155 1308 4095 4095 4095 4095
168 155 140 108 149 1306 4095 4095 4095 4095
137 160 121 465 147 4095 4095 4095 1298 4095
170 160 123 106 137 1308 4095 4095 4095 4095
182 152 130 111 115 1308 4095 4095 4095 4095
152 165 171 118 134 1308 4095 4095 4095 4095
168 162 150 110 182 1306 4095 4095 4095 4095
150 160 133 115 82 1307 4095 4095 4095 4095
190 166 160 115 115 1306 4095 4095 4095 4095
136 165 171 154 141 4095 4095 4095 1299 4095
138 161 160 113 145 1308 4095 4095 4095 4095
135 162 164 167 128 4095 4095 4095 1299 4095
138 153 139 107 164 1308 4095 4095 4095 4095
139 158 131 103 185 1308 4095 4095 4095 4095
191 159 135 114 78 1307 4095 4095 4095 4095
161 158 151 106 193 1308 4095 4095 4095 4095
134 156 135 201 103 4095 4095 4095 1298 4095
230 153 140 110 120 1308 4095 4095 4095 4095
149 162 124 108 137 1308 4095 4095 4095 4095
171 154 135 108 157 1307 4095 4095 4095 4095
139 150 130 111 120 1307 4095 4095 4095 4095
125 168 199 108 173 4095 4095 4095 4095 4095
161 164 166 114 136 1307 4095 4095 4095 4095
186 160 122 106 134 1307 4095 4095 4095 4095
182 161 129 108 139 1307 4095 4095 4095 4095
118 219 122 104 147 4095 1326 4095 4095 4095
153 159 121 105 130 1307 4095 4095 4095 4095
276 162 151 110 177 1306 4095 4095 4095 4095
154 159 130 110 141 1306 4095 4095 4095 4095
161 163 141 117 74 1306 4095 4095 4095 4095
140 214 153 105 208 4095 4095 4095 4095 4095
143 159 148 111 158 1307 4095 4095 4095 4095
135 165 157 116 119 1306 4095 4095 4095 4095
185 162 138 117 78 1307 4095 4095 4095 4095
134 162 127 108 99 1308 4095 4095 4095 4095
480 192 167 119 104 1307 4095 4095 4095 4095
161 155 134 112 96 1307 4095 4095 4095 4095
171 163 161 114 170 1306 4095 4095 4095 4095
131 165 157 146 115 4095 4095 4095 1299 4095
157 159 120 106 156 1307 4095 4095 4095 4095
128 159 225 102 168 4095 4095 1321 4095 4095
127 165 173 151 139 4095 4095 4095 1298 4095
130 162 161 150 145 4095 4095 4095 1299 4095
130 162 277 114 139 4095 4095 1320 4095 4095
161 165 172 118 136 1308 4095 4095 4095 4095
143 151 136 110 127 1306 4095 4095 4095 4095
129 158 136 140 167 4095 4095 4095 1298 4095
149 160 150 105 176 1308 4095 4095 4095 4095
335 160 135 108 147 1307 4095 4095 4095 4095
174 159 150 109 201 1307 4095 4095 4095 4095
138 160 151 106 206 1307 4095 4095 4095 4095
195 167 170 118 141 1306 4095 4095 4095 4095
164 158 135 113 90 1307 4095 4095 4095 4095
131 166 238 118 125 4095 4095 1321 4095 4095
139 163 254 115 177 4095 4095 1320 4095 4095
150 160 135 114 74 1307 4095 4095 4095 4095
134 158 304 102 186 4095 4095 1320 4095 4095
142 156 135 107 163 1308 4095 4095 4095 4095
154 163 158 114 120 1306 4095 4095 4095 4095
141 160 152 109 182 1307 4095 4095 4095 4095
139 163 148 110 164 1307 4095 4095 4095 4095
157 157 134 108 149 1307 4095 4095 4095 4095
163 157 135 108 161 1307 4095 4095 4095 4095
140 167 162 119 109 1307 4095 4095 4095 4095
284 155 143 108 149 1307 4095 4095 4095 4095
158 163 140 118 83 1307 4095 4095 4095 4095
133 162 163 136 140 4095 4095 4095 1299 4095
142 165 140 118 69 1307 4095 4095 4095 4095
526 160 153 114 173 1307 4095 4095 4095 4095
143 159 146 111 160 1307 4095 4095 4095 4095
145 163 156 116 112 1308 4095 4095 4095 4095
160 159 129 103 163 1308 4095 4095 4095 4095
138 164 159 113 124 4095 4095 4095 4095 4095
112 162 130 107 129 1309 4095 4095 4095 4095
142 156 141 108 151 1307 4095 4095 4095 4095
165 148 139 112 121 1307 4095 4095 4095 4095
139 163 141 117 76 1307 4095 4095 4095 4095
223 164 158 114 110 1308 4095 4095 4095 4095
131 162 136 115 75 1307 4095 4095 4095 4095
176 157 135 108 163 1306 4095 4095 4095 4095
145 166 159 115 109 1308 4095 4095 4095 4095
139 161 120 106 126 1308 4095 4095 4095 4095
129 166 171 166 141 4095 4095 4095 1298 4095
141 166 160 114 128 1308 4095 4095 4095 4095
692 162 129 108 134 1308 4095 4095 4095 4095
143 160 137 116 80 1307 4095 4095 4095 4095
125 165 162 169 126 4095 4095 4095 1299 4095
132 157 152 163 201 4095 4095 4095 1298 4095
130 166 164 146 112 4095 4095 4095 1299 4095
132 162 202 109 132 4095 4095 1322 4095 4095
141 157 123 103 148 1308 4095 4095 4095 4095
151 164 162 114 132 1307 4095 4095 4095 4095
336 161 153 107 206 1308 4095 4095 4095 4095
192 155 152 114 153 1307 4095 4095 4095 4095
191 149 131 111 120 1306 4095 4095 4095 4095
169 156 136 108 162 1307 4095 4095 4095 4095
151 158 132 103 172 1307 4095 4095 4095 4095
149 164 171 115 133 1308 4095 4095 4095 4095
127 160 255 112 60 4095 4095 1321 4095 4095
132 155 198 107 159 4095 4095 4095 4095 4095
304 158 153 108 196 1308 4095 4095 4095 4095
133 154 136 107 165 1307 4095 4095 4095 4095
169 163 164 114 137 1308 4095 4095 4095 4095
138 157 130 104 204 1307 4095 4095 4095 4095
132 157 132 144 191 4095 4095 4095 1299 4095
128 160 134 136 142 4095 4095 4095 1298 4095
121 166 170 157 138 4095 4095 4095 1300 4095
356 160 137 115 66 1309 4095 4095 4095 4095
117 164 224 109 136 4095 4095 1320 4095 4095
138 162 162 182 127 4095 4095 4095 1299 4095
169 162 151 111 166 1307 4095 4095 4095 4095
170 165 169 116 134 1307 4095 4095 4095 4095
143 164 140 117 75 1307 4095 4095 4095 4095
140 164 156 115 111 1307 4095 4095 4095 4095
140 158 152 106 199 1307 4095 4095 4095 4095
127 162 126 131 135 4095 4095 4095 1299 4095
117 158 239 108 185 4095 4095 1320 4095 4095
182 158 153 106 199 1307 4095 4095 4095 4095
127 156 226 108 161 4095 4095 1320 4095 4095
133 163 168 138 136 4095 4095 4095 1300 4095
182 165 165 115 121 1308 4095 4095 4095 4095
136 163 150 109 184 1307 4095 4095 4095 4095
143 158 133 103 179 1307 4095 4095 4095 4095
135 161 137 201 73 4095 4095 4095 1298 4095
165 168 163 119 108 1306 4095 4095 4095 4095
134 164 159 201 129 4095 4095 4095 1299 4095
127 165 166 174 135 4095 4095 4095 1298 4095
547 219 211 132 110 1308 4095 4095 4095 4095
134 163 158 113 150 1307 4095 4095 4095 4095
134 154 138 109 156 1307 4095 4095 4095 4095
133 162 123 107 137 1307 4095 4095 4095 4095
132 168 162 118 97 1307 4095 4095 4095 4095
158 158 147 111 181 1307 4095 4095 4095 4095
142 163 230 114 118 4095 4095 1320 4095 4095
134 154 140 108 147 1308 4095 4095 4095 4095
150 159 155 106 198 1308 4095 4095 4095 4095
124 157 134 124 192 4095 4095 4095 1299 4095
153 161 123 108 134 1307 4095 4095 4095 4095
131 154 139 173 135 4095 4095 4095 1299 4095
139 154 214 112 101 4095 4095 1320 4095 4095
133 163 162 157 129 4095 4095 4095 1298 4095
154 162 135 109 146 1307 4095 4095 4095 4095
153 164 170 116 137 1307 4095 4095 4095 4095
153 160 152 109 191 1307 4095 4095 4095 4095
157 164 157 115 110 1307 4095 4095 4095 4095
145 159 136 113 94 1307 4095 4095 4095 4095
141 158 153 106 207 1307 4095 4095 4095 4095
158 167 166 118 138 1306 4095 4095 4095 4095
130 159 135 161 153 4095 4095 4095 1298 4095
146 160 133 115 78 1307 4095 4095 4095 4095
151 162 150 110 175 1306 4095 4095 4095 4095
139 169 166 154 130 4095 4095 4095 1298 4095
138 153 137 110 135 1308 4095 4095 4095 4095
168 156 137 108 164 1306 4095 4095 4095 4095
119 157 354 108 164 4095 4095 1319 4095 4095
140 154 134 108 156 1306 4095 4095 4095 4095
138 161 164 115 138 1307 4095 4095 4095 4095
167 165 170 115 140 1307 4095 4095 4095 4095
247 160 151 112 165 1307 4095 4095 4095 4095
158 159 152 108 208 1307 4095 4095 4095 4095
122 163 131 126 141 4095 4095 4095 4095 4095
132 160 159 115 133 1307 4095 4095 4095 4095
158 152 136 110 124 1306 4095 4095 4095 4095
129 157 125 161 150 4095 4095 4095 1299 4095
135 163 171 149 135 4095 4095 4095 1299 4095
138 154 234 111 99 4095 4095 1320 4095 4095
127 162 169 139 134 4095 4095 4095 1299 4095
171 159 152 107 207 1307 4095 4095 4095 4095
277 167 164 120 115 1307 4095 4095 4095 4095
135 166 170 154 142 4095 4095 4095 1298 4095
172 166 160 114 126 1307 4095 4095 4095 4095
142 157 135 109 159 1306 4095 4095 4095 4095
123 163 261 115 130 4095 4095 1320 4095 4095
147 162 159 113 147 1308 4095 4095 4095 4095
148 158 151 106 198 1306 4095 4095 4095 4095
145 151 125 111 118 1307 4095 4095 4095 4095
134 162 164 164 133 4095 4095 4095 1299 4095
154 161 135 108 153 1307 4095 4095 4095 4095
129 165 162 175 129 4095 4095 4095 1300 4095
242 152 137 110 129 1307 4095 4095 4095 4095
144 160 128 106 148 1307 4095 4095 4095 4095
151 156 134 112 94 1307 4095 4095 4095 4095
133 164 140 155 76 4095 4095 4095 1299 4095
175 167 172 117 136 1306 4095 4095 4095 4095
150 157 131 102 168 1308 4095 4095 4095 4095
150 160 151 104 198 1308 4095 4095 4095 4095
116 163 122 151 135 4095 4095 4095 1298 4095
131 155 318 108 153 4095 4095 1321 4095 4095
133 163 163 117 115 1308 4095 4095 4095 4095
141 157 133 112 102 1307 4095 4095 4095 4095
153 167 172 116 136 1307 4095 4095 4095 4095
129 394 152 112 209 4095 1326 4095 4095 4095
156 156 129 104 172 1307 4095 4095 4095 4095
142 155 142 108 146 1308 4095 4095 4095 4095
139 162 136 115 69 1307 4095 4095 4095 4095
129 165 161 114 131 1307 4095 4095 4095 4095
227 268 247 124 340 1308 4095 4095 4095 4095
125 164 162 142 107 4095 4095 4095 1299 4095
135 164 137 115 71 1307 4095 4095 4095 4095
126 164 242 114 135 4095 4095 1320 4095 4095
126 156 136 134 160 4095 4095 4095 1299 4095
129 164 265 115 135 4095 4095 1320 4095 4095
147 162 150 111 164 1308 4095 4095 4095 4095
180 156 134 108 167 1308 4095 4095 4095 4095
147 157 134 114 84 1307 4095 4095 4095 4095
133 158 150 131 204 4095 4095 4095 1300 4095
140 163 161 115 139 1309 4095 4095 4095 4095
134 164 163 171 113 4095 4095 4095 1299 4095
146 159 149 104 192 1307 4095 4095 4095 4095
159 162 120 106 140 1307 4095 4095 4095 4095
147 162 136 109 156 1308 4095 4095 4095 4095
129 155 131 204 112 4095 4095 4095 1298 4095
141 154 142 108 153 1307 4095 4095 4095 4095
130 165 159 134 138 4095 4095 4095 1299 4095
125 163 228 107 138 4095 4095 1320 4095 4095
130 162 136 136 72 4095 4095 4095 1299 4095
163 208 205 126 135 1310 4095 4095 4095 4095
154 159 152 112 162 1306 4095 4095 4095 4095
125 160 218 111 169 4095 4095 1320 4095 4095
166 163 157 115 109 1307 4095 4095 4095 4095
143 165 157 114 108 1308 4095 4095 4095 4095
168 164 140 117 75 1307 4095 4095 4095 4095
202 177 141 117 112 1309 4095 4095 4095 4095
140 176 182 120 142 4095 4095 4095 4095 4095
126 156 141 158 156 4095 4095 4095 1297 4095
2262 170 146 119 77 1301 4095 4095 4095 4095
143 162 170 117 175 1308 4095 4095 4095 4095
133 160 152 109 181 1308 4095 4095 4095 4095
155 165 143 118 80 1308 4095 4095 4095 4095
136 160 136 143 66 4095 4095 4095 1299 4095
133 156 134 137 91 4095 4095 4095 1300 4095
145 165 158 114 110 1307 4095 4095 4095 4095
170 156 135 113 86 1307 4095 4095 4095 4095
132 153 140 109 247 1307 4095 4095 4095 2275
176 161 149 105 196 1307 4095 4095 4095 4095
122 161 276 108 189 4095 4095 1321 4095 4095
371 161 138 115 79 1307 4095 4095 4095 4095
178 162 121 105 141 1307 4095 4095 4095 4095
132 163 151 111 173 1308 4095 4095 4095 4095
161 157 150 112 159 1306 4095 4095 4095 4095
162 162 131 108 136 1307 4095 4095 4095 4095
138 170 167 117 121 4095 4095 4095 4095 4095
354 158 152 112 162 1307 4095 4095 4095 4095
134 161 123 663 138 4095 4095 4095 1299 4095
324 150 134 112 134 1307 4095 4095 4095 4095
136 162 130 127 137 4095 4095 4095 1298 4095
1541 210 178 116 199 1308 4095 4095 4095 4095
161 162 132 108 152 1307 4095 4095 4095 4095
161 154 142 109 140 1307 4095 4095 4095 4095
133 162 135 115 67 1307 4095 4095 4095 4095
131 166 170 1066 144 4095 4095 4095 1298 4095
123 163 122 154 131 4095 4095 4095 1298 4095
152 164 172 118 138 1307 4095 4095 4095 4095
145 166 172 116 137 1308 4095 4095 4095 4095
142 163 165 114 123 1307 4095 4095 4095 4095
157 160 134 115 70 1308 4095 4095 4095 4095
141 162 131 108 148 1307 4095 4095 4095 4095
143 168 158 118 80 1307 4095 4095 4095 4095
4095 488 507 189 270 1308 4095 4095 4095 4095
170 155 142 109 146 1306 4095 4095 4095 4095
129 209 123 105 148 4095 4095 4095 4095 4095
145 164 158 115 110 1307 4095 4095 4095 4095
139 160 153 106 200 1308 4095 4095 4095 4095
165 163 162 115 129 1306 4095 4095 4095 4095
179 160 152 113 161 1306 4095 4095 4095 4095
126 165 252 115 179 4095 4095 1322 4095 4095
177 167 162 119 117 1307 4095 4095 4095 4095
147 157 134 103 189 1308 4095 4095 4095 4095
125 158 136 131 89 4095 4095 4095 1299 4095
135 162 146 112 164 1307 4095 4095 4095 4095
206 157 136 108 157 1306 4095 4095 4095 4095
171 163 139 117 77 1307 4095 4095 4095 4095
147 156 134 112 98 1308 4095 4095 4095 4095
137 161 152 109 198 1307 4095 4095 4095 4095
171 164 165 114 140 1306 4095 4095 4095 4095
147 168 160 119 98 1307 4095 4095 4095 4095
131 163 161 113 131 1307 4095 4095 4095 4095
150 160 126 107 135 1308 4095 4095 4095 4095
171 162 132 108 153 1306 4095 4095 4095 4095
200 199 157 120 111 1308 4095 4095 4095 4095
135 163 128 137 139 4095 4095 4095 1299 4095
153 167 170 118 137 1307 4095 4095 4095 4095
163 159 150 106 202 1307 4095 4095 4095 4095
124 161 249 108 136 4095 4095 1320 4095 4095
176 159 135 114 81 1307 4095 4095 4095 4095
140 162 139 117 74 1308 4095 4095 4095 4095
139 159 154 108 196 1307 4095 4095 4095 4095
149 160 124 104 142 1307 4095 4095 4095 4095
131 159 150 109 193 1308 4095 4095 4095 4095
157 163 158 115 112 1307 4095 4095 4095 4095
159 163 162 113 133 1306 4095 4095 4095 4095
128 166 163 217 120 4095 4095 4095 1300 4095
131 163 161 141 123 4095 4095 4095 1299 4095
275 157 136 107 162 1307 4095 4095 4095 4095
129 162 160 135 148 4095 4095 4095 1299 4095
148 160 150 112 171 1308 4095 4095 4095 4095
123 162 149 171 174 4095 4095 4095 1299 4095
160 155 131 112 120 1308 4095 4095 4095 4095
129 160 153 149 176 4095 4095 4095 1300 4095
161 160 119 104 137 1307 4095 4095 4095 4095
149 156 133 112 83 1308 4095 4095 4095 4095
175 167 165 119 119 1307 4095 4095 4095 4095
159 160 150 109 185 1307 4095 4095 4095 4095
136 160 149 112 164 1308 4095 4095 4095 4095
136 160 153 108 193 1308 4095 4095 4095 4095
150 165 154 115 113 1306 4095 4095 4095 4095
137 165 171 205 141 4095 4095 4095 1299 4095
143 167 170 115 135 1308 4095 4095 4095 4095
166 163 159 114 116 1306 4095 4095 4095 4095
140 155 142 109 148 1307 4095 4095 4095 4095
162 159 121 106 139 1307 4095 4095 4095 4095
166 152 129 111 108 1307 4095 4095 4095 4095
165 158 126 104 160 1306 4095 4095 4095 4095
158 165 137 116 68 1307 4095 4095 4095 4095
143 152 133 110 113 1307 4095 4095 4095 4095
578 161 152 104 194 1307 4095 4095 4095 4095
122 165 165 140 139 4095 4095 4095 1300 4095
150 157 126 103 147 1307 4095 4095 4095 4095
121 166 157 477 115 4095 4095 4095 1298 4095
260 205 168 115 206 1300 4095 4095 4095 4095
131 160 122 124 145 4095 4095 4095 1299 4095
138 153 140 109 135 1307 4095 4095 4095 4095
169 167 161 119 100 1307 4095 4095 4095 4095
149 158 134 113 81 1308 4095 4095 4095 4095
122 154 142 193 144 4095 4095 4095 1299 4095
137 244 172 118 130 4095 1325 4095 4095 4095
151 162 166 115 161 1307 4095 4095 4095 4095
126 161 120 573 132 4095 4095 4095 1298 4095
134 158 190 104 152 4095 4095 1321 4095 4095
149 161 136 115 71 1308 4095 4095 4095 4095
171 158 126 103 146 1307 4095 4095 4095 4095
145 160 123 103 135 1308 4095 4095 4095 4095
176 164 158 113 113 1306 4095 4095 4095 4095
177 208 206 124 149 1307 4095 4095 4095 4095
167 166 161 115 111 1307 4095 4095 4095 4095
132 162 159 113 153 1307 4095 4095 4095 4095
154 166 169 117 137 1307 4095 4095 4095 4095
149 164 164 115 135 1307 4095 4095 4095 4095
118 161 152 133 185 4095 4095 4095 1298 4095
159 166 167 114 136 1308 4095 4095 4095 4095
236 167 156 119 81 1308 4095 4095 4095 4095
134 152 138 140 112 4095 4095 4095 1299 4095
128 163 140 190 68 4095 4095 4095 1299 4095
123 156 141 178 165 4095 4095 4095 1299 4095
141 157 153 112 165 1308 4095 4095 4095 4095
167 164 140 118 73 1306 4095 4095 4095 4095
149 157 137 108 161 1308 4095 4095 4095 4095
176 152 138 111 122 1307 4095 4095 4095 4095
161 157 134 103 180 1307 4095 4095 4095 4095
129 165 154 183 108 4095 4095 4095 1298 4095
149 166 170 119 131 1308 4095 4095 4095 4095
156 156 129 103 161 1306 4095 4095 4095 4095
141 160 149 110 182 1307 4095 4095 4095 4095
132 162 147 103 201 1308 4095 4095 4095 4095
135 164 172 177 135 4095 4095 4095 1299 4095
154 163 155 114 106 1308 4095 4095 4095 4095
206 157 132 102 181 1307 4095 4095 4095 4095
134 164 239 115 138 4095 4095 1320 4095 4095
157 158 128 103 164 1307 4095 4095 4095 4095
131 165 170 114 139 1308 4095 4095 4095 4095
179 161 137 115 77 1307 4095 4095 4095 4095
169 159 152 105 195 1308 4095 4095 4095 4095
160 159 154 107 189 1307 4095 4095 4095 4095
241 219 206 127 125 1308 4095 4095 4095 4095
137 165 171 114 140 1307 4095 4095 4095 4095
134 165 239 114 118 4095 4095 1320 4095 4095
147 155 135 113 87 1308 4095 4095 4095 4095
146 160 150 106 199 1307 4095 4095 4095 4095
133 159 133 107 156 1307 4095 4095 4095 4095
129 153 138 109 131 1308 4095 4095 4095 4095
137 168 160 146 97 4095 4095 4095 1299 4095
123 165 157 153 101 4095 4095 4095 1299 4095
177 164 155 113 110 1308 4095 4095 4095 4095
136 157 279 106 191 4095 4095 1320 4095 4095
148 162 152 111 174 1307 4095 4095 4095 4095
169 165 162 115 117 1308 4095 4095 4095 4095
146 160 152 109 188 1307 4095 4095 4095 4095
127 162 304 115 140 4095 4095 1320 4095 4095
249 161 165 113 130 1308 4095 4095 4095 4095
148 164 156 114 107 1307 4095 4095 4095 4095
137 165 159 140 109 4095 4095 4095 1300 4095
125 156 210 112 88 4095 4095 1320 4095 4095
131 162 138 115 67 1307 4095 4095 4095 4095
127 158 138 156 205 4095 4095 4095 1299 4095
130 163 156 143 111 4095 4095 4095 1298 4095
152 158 150 105 206 1307 4095 4095 4095 4095
140 166 165 119 127 1306 4095 4095 4095 4095
130 167 169 118 85 1307 4095 4095 4095 4095
131 161 137 134 74 4095 4095 4095 4095 4095
142 156 136 108 157 1307 4095 4095 4095 4095
122 164 139 143 79 4095 4095 4095 1299 4095
153 167 156 114 114 1307 4095 4095 4095 4095
154 169 165 118 112 1307 4095 4095 4095 4095
198 216 209 127 116 1307 4095 4095 4095 4095
137 157 135 112 112 1308 4095 4095 4095 4095
130 164 156 145 109 4095 4095 4095 1300 4095
146 158 139 108 152 1307 4095 4095 4095 4095
1749 266 240 129 303 1306 4095 4095 4095 4095
188 162 131 108 138 1306 4095 4095 4095 4095
208 153 132 111 117 1307 4095 4095 4095 4095
150 162 124 106 133 1307 4095 4095 4095 4095
136 160 152 107 202 1307 4095 4095 4095 4095
154 151 137 109 122 1307 4095 4095 4095 4095
174 163 163 116 117 1307 4095 4095 4095 4095
151 167 171 118 105 1307 4095 4095 4095 4095
141 161 161 113 153 1308 4095 4095 4095 4095
130 160 129 134 140 4095 4095 4095 1299 4095
130 159 152 167 193 4095 4095 4095 1299 4095
132 163 172 140 143 4095 4095 4095 1299 4095
210 158 153 106 215 1308 4095 4095 4095 4095
129 153 139 170 123 4095 4095 4095 1298 4095
132 164 141 117 86 1308 4095 4095 4095 4095
158 162 151 112 161 1307 4095 4095 4095 4095
127 156 132 174 114 4095 4095 4095 1299 4095
171 165 157 115 108 1307 4095 4095 4095 4095
123 151 206 110 125 4095 4095 1321 4095 4095
139 154 139 109 137 1308 4095 4095 4095 4095
154 165 158 114 114 1308 4095 4095 4095 4095
143 160 141 115 74 1308 4095 4095 4095 4095
137 160 303 115 81 4095 4095 1320 4095 4095
142 165 154 115 110 1308 4095 4095 4095 4095
140 161 121 106 130 1307 4095 4095 4095 4095
145 164 158 115 112 1308 4095 4095 4095 4095
182 166 165 118 123 1306 4095 4095 4095 4095
132 163 160 140 126 4095 4095 4095 1299 4095
124 165 366 117 132 4095 4095 1320 4095 4095
136 152 144 191 151 4095 4095 4095 1299 4095
130 166 176 142 137 4095 4095 4095 1299 4095
159 156 132 112 94 1308 4095 4095 4095 4095
167 164 138 116 74 1307 4095 4095 4095 4095
134 166 173 140 135 4095 4095 4095 1300 4095
135 147 125 148 117 4095 4095 4095 1299 4095
127 160 135 149 83 4095 4095 4095 1298 4095
233 165 161 116 117 1308 4095 4095 4095 4095
143 158 136 114 84 1307 4095 4095 4095 4095
235 159 121 104 134 1306 4095 4095 4095 4095
153 162 152 109 188 1307 4095 4095 4095 4095
135 160 137 157 81 4095 4095 4095 1299 4095
163 163 135 115 70 1307 4095 4095 4095 4095
151 165 170 116 137 1308 4095 4095 4095 4095
133 162 152 110 166 1307 4095 4095 4095 4095
143 159 126 104 155 1308 4095 4095 4095 4095
122 162 121 129 132 4095 4095 4095 1299 4095
141 158 137 108 158 1308 4095 4095 4095 4095
134 159 159 174 141 4095 4095 4095 1298 4095
122 168 229 120 109 4095 4095 1320 4095 4095
135 155 134 161 95 4095 4095 4095 1299 4095
376 227 228 131 146 1308 4095 4095 4095 4095
132 162 131 109 141 1308 4095 4095 4095 4095
169 154 141 109 131 1306 4095 4095 4095 4095
137 151 134 135 117 4095 4095 4095 1299 4095
146 162 127 107 140 1308 4095 4095 4095 4095
127 160 131 130 147 4095 4095 4095 1299 4095
144 151 142 111 131 1308 4095 4095 4095 4095
153 163 159 114 129 1306 4095 4095 4095 4095
150 155 138 109 151 1307 4095 4095 4095 4095
146 163 159 116 124 1307 4095 4095 4095 4095
168 160 149 111 175 1307 4095 4095 4095 4095
273 164 170 114 146 1307 4095 4095 4095 4095
135 158 152 112 153 1307 4095 4095 4095 4095
133 166 155 141 104 4095 4095 4095 1300 4095
130 154 139 148 142 4095 4095 4095 1298 4095
125 158 137 147 156 4095 4095 4095 1299 4095
136 163 157 146 117 4095 4095 4095 1299 4095
134 159 195 103 190 4095 4095 4095 4095 4095
161 160 152 109 185 1307 4095 4095 4095 4095
144 157 128 104 171 1307 4095 4095 4095 4095
125 165 170 115 142 4095 4095 4095 4095 4095
140 160 123 103 142 1307 4095 4095 4095 4095
152 162 157 113 139 1306 4095 4095 4095 4095
159 210 202 191 119 4095 4095 4095 1299 4095
151 165 160 116 119 1308 4095 4095 4095 4095
170 165 172 116 135 1307 4095 4095 4095 4095
148 165 139 116 73 1306 4095 4095 4095 4095
139 171 169 115 123 4095 4095 4095 4095 4095
130 166 172 116 140 4095 4095 4095 4095 4095
132 160 121 105 141 1307 4095 4095 4095 4095
599 160 137 109 167 1307 4095 4095 4095 4095
149 155 132 108 168 1307 4095 4095 4095 4095
147 169 167 119 116 1308 4095 4095 4095 4095
151 162 137 115 80 1306 4095 4095 4095 4095
149 151 133 110 106 1307 4095 4095 4095 4095
136 161 118 106 136 1308 4095 4095 4095 4095
153 156 141 107 152 1307 4095 4095 4095 4095
128 166 155 183 108 4095 4095 4095 1299 4095
205 162 139 115 72 1307 4095 4095 4095 4095
160 163 156 115 110 1307 4095 4095 4095 4095
149 163 156 114 122 1308 4095 4095 4095 4095
135 158 250 107 207 4095 4095 1321 4095 4095
151 160 124 108 134 1308 4095 4095 4095 4095
126 162 130 129 155 4095 4095 4095 1299 4095
172 155 141 109 159 1307 4095 4095 4095 4095
133 163 149 205 191 4095 4095 4095 1299 4095
129 158 151 107 196 1308 4095 4095 4095 4095
154 164 171 116 142 1308 4095 4095 4095 4095
144 165 162 114 139 1307 4095 4095 4095 4095
312 158 124 106 137 1306 4095 4095 4095 4095
168 162 149 111 165 1307 4095 4095 4095 4095
138 163 130 108 142 1308 4095 4095 4095 4095
186 163 165 116 117 1307 4095 4095 4095 4095
201 160 122 108 134 1306 4095 4095 4095 4095
190 165 158 113 113 1306 4095 4095 4095 4095
195 163 160 113 126 1306 4095 4095 4095 4095
155 157 132 111 91 1307 4095 4095 4095 4095
124 152 139 167 143 4095 4095 4095 1299 4095
131 167 168 117 126 1307 4095 4095 4095 4095
127 159 262 109 190 4095 4095 1320 4095 4095
126 162 158 164 146 4095 4095 4095 1299 4095
149 159 151 106 201 1307 4095 4095 4095 4095
122 164 163 166 112 4095 4095 4095 1299 4095
134 162 168 188 139 4095 4095 4095 1298 4095
137 164 164 116 122 1308 4095 4095 4095 4095
121 161 311 106 137 4095 4095 1320 4095 4095
150 158 133 114 84 1308 4095 4095 4095 4095
177 162 139 116 59 1307 4095 4095 4095 4095
166 164 168 114 134 1307 4095 4095 4095 4095
143 157 136 114 78 1308 4095 4095 4095 4095
167 162 136 115 75 1307 4095 4095 4095 4095
168 164 157 114 115 1306 4095 4095 4095 4095
177 166 143 117 75 1307 4095 4095 4095 4095
151 160 153 107 203 1307 4095 4095 4095 4095
133 158 133 123 186 4095 4095 4095 1299 4095
137 159 153 105 207 1308 4095 4095 4095 4095
1645 218 200 112 302 1308 4095 4095 4095 4095
139 155 132 108 157 1307 4095 4095 4095 4095
138 157 134 191 199 4095 4095 4095 1299 4095
125 645 133 114 91 4095 1326 4095 4095 4095
119 168 157 114 94 1307 4095 4095 4095 4095
124 164 164 116 118 4095 4095 4095 4095 4095
152 163 165 113 131 1308 4095 4095 4095 4095
148 158 122 104 146 1306 4095 4095 4095 4095
167 158 127 104 162 1306 4095 4095 4095 4095
124 160 151 143 181 4095 4095 4095 1298 4095
144 161 130 108 137 1307 4095 4095 4095 4095
156 165 171 117 136 1307 4095 4095 4095 4095
121 154 267 108 138 4095 4095 1321 4095 4095
250 162 151 109 212 1306 4095 4095 4095 4095
176 244 383 138 176 4095 4095 1320 4095 4095
133 158 227 103 153 4095 4095 1321 4095 4095
134 159 136 207 77 4095 4095 4095 1298 4095
138 166 167 660 108 4095 4095 4095 1300 4095
157 157 149 106 203 1307 4095 4095 4095 4095
171 155 130 111 100 1306 4095 4095 4095 4095
175 165 170 117 132 1307 4095 4095 4095 4095
242 244 151 112 167 1310 4095 4095 4095 4095
173 165 160 116 111 1306 4095 4095 4095 4095
494 200 208 123 164 1308 4095 4095 4095 4095
127 163 348 114 109 4095 4095 1320 4095 4095
161 156 149 108 203 1308 4095 4095 4095 4095
139 154 139 108 159 1307 4095 4095 4095 4095
164 161 150 110 183 1306 4095 4095 4095 4095
154 161 168 116 135 1307 4095 4095 4095 4095
144 159 135 108 162 1307 4095 4095 4095 4095
125 162 206 108 133 4095 4095 1322 4095 4095
156 161 120 106 140 1307 4095 4095 4095 4095
640 165 165 113 137 1307 4095 4095 4095 4095
174 162 160 115 122 1307 4095 4095 4095 4095
133 156 140 152 155 4095 4095 4095 1299 4095
165 170 160 118 98 1306 4095 4095 4095 4095
121 168 242 118 98 4095 4095 1320 4095 4095
155 160 149 109 191 1307 4095 4095 4095 4095
121 162 165 189 154 4095 4095 4095 1300 4095
131 159 148 134 186 4095 4095 4095 1300 4095
151 167 162 118 116 1307 4095 4095 4095 4095
177 160 123 104 147 1307 4095 4095 4095 4095
135 163 159 113 141 1308 4095 4095 4095 4095
137 157 140 107 150 1307 4095 4095 4095 4095
150 160 135 115 68 1307 4095 4095 4095 4095
131 161 252 104 197 4095 4095 1321 4095 4095
150 164 159 114 128 1308 4095 4095 4095 4095
153 160 149 104 202 1307 4095 4095 4095 4095
136 162 169 115 130 1307 4095 4095 4095 4095
131 159 133 402 72 4095 4095 4095 1298 4095
168 163 161 116 110 1307 4095 4095 4095 4095
147 228 224 246 185 4095 4095 4095 1299 4095
248 153 137 110 121 1307 4095 4095 4095 4095
171 164 144 118 69 1307 4095 4095 4095 4095
193 201 196 125 113 1307 4095 4095 4095 4095
127 160 151 175 180 4095 4095 4095 1299 4095
158 164 171 115 142 1307 4095 4095 4095 4095
152 161 123 106 129 1307 4095 4095 4095 4095
159 164 140 118 71 1306 4095 4095 4095 4095
132 159 183 104 148 4095 4095 4095 4095 4095
155 152 138 111 127 1306 4095 4095 4095 4095
131 162 152 128 184 4095 4095 4095 4095 4095
133 163 365 115 133 4095 4095 1321 4095 4095
168 158 135 108 166 1308 4095 4095 4095 4095
128 164 223 114 122 4095 4095 1305 4095 4095
135 161 120 133 133 4095 4095 4095 1299 4095
127 166 171 177 145 4095 4095 4095 1298 4095
136 158 125 124 152 4095 4095 4095 1298 4095
216 163 166 114 139 1308 4095 4095 4095 4095
151 158 135 113 85 1308 4095 4095 4095 4095
183 247 228 261 92 4095 4095 4095 1299 4095
167 164 162 117 113 1307 4095 4095 4095 4095
163 158 150 108 195 1307 4095 4095 4095 4095
195 171 166 119 113 1307 4095 4095 4095 4095
95 162 213 112 143 4095 4095 1321 4095 4095
123 159 152 192 192 4095 4095 4095 1299 4095
174 168 157 119 82 1307 4095 4095 4095 4095
145 159 152 107 198 1308 4095 4095 4095 4095
135 161 135 109 149 1308 4095 4095 4095 4095
164 157 150 108 196 1306 4095 4095 4095 4095
149 162 122 107 130 1307 4095 4095 4095 4095
