152 158 160 114 139 1307 4095 4095 4095 4095
139 150 129 113 100 1308 4095 4095 4095 4095
139 150 129 113 100 1308 4095 4095 4095 4095
157 150 131 112 118 1306 4095 4095 4095 4095
138 157 156 115 173 1306 4095 4095 4095 1979
139 153 145 109 180 1307 4095 4095 4095 4095
130 155 127 169 147 4095 4095 4095 1299 4095
143 157 154 114 132 1307 4095 4095 4095 4095
145 146 132 110 120 1308 4095 4095 4095 4095
176 162 141 119 78 1306 4095 4095 4095 4095
148 156 165 115 144 1308 4095 4095 4095 4095
197 156 127 109 150 1307 4095 4095 4095 4095
128 153 144 109 210 1308 4095 4095 4095 4095
156 154 118 108 140 1306 4095 4095 4095 4095
157 154 116 106 138 1307 4095 4095 4095 4095
175 161 162 118 121 1306 4095 4095 4095 4095
134 160 165 115 148 4095 4095 4095 4095 4095
133 153 142 104 202 1307 4095 4095 4095 4095
116 159 165 183 142 4095 4095 4095 1299 4095
129 147 240 108 132 4095 4095 1320 4095 4095
128 150 299 113 90 4095 4095 1321 4095 4095
136 155 143 110 168 1308 4095 4095 4095 4095
162 155 129 109 127 1306 4095 4095 4095 4095
176 160 159 118 126 1307 4095 4095 4095 4095
154 159 149 116 111 1307 4095 4095 4095 4095
168 154 145 108 193 1308 4095 4095 4095 4095
148 154 115 106 141 1307 4095 4095 4095 4095
139 157 132 115 73 1308 4095 4095 4095 4095
132 150 135 165 156 4095 4095 4095 1298 4095
125 163 157 118 111 1308 4095 4095 4095 4095
134 154 144 108 195 1307 4095 4095 4095 4095
134 201 127 113 93 4095 1326 4095 4095 4095
140 145 135 110 121 1308 4095 4095 4095 4095
174 162 156 120 110 1307 4095 4095 4095 4095
128 157 163 146 139 4095 4095 4095 1299 4095
136 155 142 104 199 1307 4095 4095 4095 4095
128 156 134 135 73 4095 4095 4095 1299 4095
166 141 121 111 109 1306 4095 4095 4095 4095
136 159 165 116 139 4095 4095 4095 4095 4095
121 159 219 114 111 4095 4095 1321 4095 4095
153 156 142 111 172 1307 4095 4095 4095 4095
178 159 151 115 105 1307 4095 4095 4095 4095
153 158 134 117 39 1306 4095 4095 4095 4095
296 157 151 115 117 1307 4095 4095 4095 4095
128 156 148 144 120 4095 4095 4095 1298 4095
157 194 1475 120 145 4095 4095 1320 4095 4095
130 324 128 108 169 4095 1326 4095 4095 4095
184 152 127 103 189 1307 4095 4095 4095 4095
148 151 143 105 199 1308 4095 4095 4095 4095
145 154 115 106 148 1307 4095 4095 4095 4095
121 154 127 108 153 1306 4095 4095 4095 4095
147 158 154 115 128 1307 4095 4095 4095 4095
260 156 162 116 180 1307 4095 4095 4095 4095
173 149 134 108 153 1307 4095 4095 4095 4095
143 164 152 119 84 1308 4095 4095 4095 4095
131 157 156 115 126 1306 4095 4095 4095 4095
115 153 136 1418 156 4095 4095 4095 1298 4095
182 157 151 114 116 1307 4095 4095 4095 4095
147 153 143 106 197 1307 4095 4095 4095 4095
176 157 153 114 128 1307 4095 4095 4095 4095
121 150 124 152 174 4095 4095 4095 1298 4095
132 153 144 111 173 1307 4095 4095 4095 4095
151 149 128 107 159 1307 4095 4095 4095 4095
197 149 135 110 129 1307 4095 4095 4095 4095
154 154 154 115 144 1306 4095 4095 4095 4095
142 154 123 109 141 1307 4095 4095 4095 4095
180 152 145 109 190 1306 4095 4095 4095 4095
122 153 129 128 154 4095 4095 4095 4095 4095
123 162 158 168 114 4095 4095 4095 1299 4095
141 150 124 103 179 1308 4095 4095 4095 4095
123 154 116 143 147 4095 4095 4095 1299 4095
129 153 113 105 149 1308 4095 4095 4095 4095
115 153 121 129 161 4095 4095 4095 1299 4095
147 158 164 116 133 1308 4095 4095 4095 4095
134 155 138 111 151 1308 4095 4095 4095 4095
127 160 162 151 127 4095 4095 4095 1299 4095
133 161 230 118 129 4095 4095 4095 4095 4095
126 155 159 115 143 1307 4095 4095 4095 4095
150 151 131 113 92 1307 4095 4095 4095 4095
172 157 157 113 134 1307 4095 4095 4095 4095
142 157 163 117 128 1307 4095 4095 4095 4095
254 161 164 118 132 1306 4095 4095 4095 4095
144 155 144 110 177 1308 4095 4095 4095 4095
126 158 154 199 124 4095 4095 4095 1299 4095
113 154 146 145 220 4095 4095 4095 1299 4095
166 157 153 115 123 1307 4095 4095 4095 4095
155 154 145 106 201 1306 4095 4095 4095 4095
132 154 143 110 169 1307 4095 4095 4095 4095
153 154 125 108 144 1307 4095 4095 4095 4095
154 157 133 115 69 1306 4095 4095 4095 4095
179 155 156 114 141 1307 4095 4095 4095 4095
160 155 125 109 188 1306 4095 4095 4095 4095
142 158 136 117 77 1308 4095 4095 4095 4095
155 147 135 109 147 1307 4095 4095 4095 4095
184 155 131 115 67 1307 4095 4095 4095 4095
143 156 123 107 135 1307 4095 4095 4095 4095
156 161 160 118 122 1307 4095 4095 4095 4095
126 160 152 115 115 1308 4095 4095 4095 4095
154 152 129 108 151 1306 4095 4095 4095 4095
143 150 128 108 154 1306 4095 4095 4095 4095
134 145 122 339 110 4095 4095 4095 1298 4095
175 156 155 116 126 1307 4095 4095 4095 4095
162 157 163 114 129 1307 4095 4095 4095 4095
219 144 126 110 111 1307 4095 4095 4095 4095
144 155 113 107 133 1306 4095 4095 4095 4095
224 159 165 115 143 1307 4095 4095 4095 4095
144 157 152 113 126 1307 4095 4095 4095 4095
114 153 142 130 169 4095 4095 4095 4095 4095
261 159 165 116 145 1307 4095 4095 4095 4095
121 158 132 164 67 4095 4095 4095 1299 4095
495 151 123 103 171 1308 4095 4095 4095 4095
123 154 143 175 192 4095 4095 4095 1299 4095
125 160 868 116 130 4095 4095 1321 4095 4095
219 144 119 111 114 1308 4095 4095 4095 4095
306 196 192 123 146 1307 4095 4095 4095 4095
160 148 128 113 92 1307 4095 4095 4095 4095
141 157 150 115 120 1307 4095 4095 4095 4095
119 157 217 113 132 4095 4095 1320 4095 4095
125 157 160 114 135 1308 4095 4095 4095 4095
133 151 134 108 145 1306 4095 4095 4095 4095
171 157 164 114 139 1307 4095 4095 4095 4095
153 162 165 117 132 1307 4095 4095 4095 4095
141 159 149 116 108 1307 4095 4095 4095 4095
172 157 124 108 130 1307 4095 4095 4095 4095
185 157 133 117 77 1307 4095 4095 4095 4095
144 157 164 114 137 1307 4095 4095 4095 4095
125 154 124 159 149 4095 4095 4095 1300 4095
173 158 149 116 109 1306 4095 4095 4095 4095
127 158 227 116 136 4095 4095 1320 4095 4095
171 157 127 109 146 1307 4095 4095 4095 4095
145 153 141 104 200 1308 4095 4095 4095 4095
134 157 165 161 149 4095 4095 4095 1298 4095
171 182 170 108 241 1308 4095 4095 4095 4095
128 158 147 189 107 4095 4095 4095 1299 4095
163 155 128 109 153 1307 4095 4095 4095 4095
139 162 138 118 94 1306 4095 4095 4095 4095
128 160 162 115 135 1307 4095 4095 4095 4095
506 238 242 133 175 1308 4095 4095 4095 4095
135 158 150 115 115 1307 4095 4095 4095 4095
151 152 143 108 167 1306 4095 4095 4095 4095
134 154 145 110 176 1307 4095 4095 4095 4095
154 148 125 111 107 1307 4095 4095 4095 4095
133 151 144 107 193 1308 4095 4095 4095 4095
125 152 499 112 328 4095 4095 1320 4095 2920
148 151 147 113 162 1308 4095 4095 4095 4095
164 145 134 109 145 1307 4095 4095 4095 4095
129 159 134 117 70 1308 4095 4095 4095 4095
127 151 116 104 147 1308 4095 4095 4095 4095
124 160 162 197 124 4095 4095 4095 1299 4095
129 156 197 115 73 4095 4095 4095 4095 4095
126 152 128 379 79 4095 4095 4095 1298 4095
117 155 141 103 205 1307 4095 4095 4095 4095
125 156 120 108 129 4095 4095 4095 4095 4095
250 160 166 115 139 1307 4095 4095 4095 4095
130 155 120 194 133 4095 4095 4095 1299 4095
175 150 129 109 160 1307 4095 4095 4095 4095
130 162 359 118 95 4095 4095 1320 4095 4095
132 155 131 139 80 4095 4095 4095 1299 4095
126 157 153 114 155 1308 4095 4095 4095 4095
155 156 144 110 177 1307 4095 4095 4095 4095
170 145 131 110 123 1307 4095 4095 4095 4095
134 155 160 114 143 1308 4095 4095 4095 4095
145 156 146 110 192 1306 4095 4095 4095 4095
129 159 166 146 142 4095 4095 4095 1299 4095
144 155 117 107 139 1308 4095 4095 4095 4095
125 163 160 835 125 4095 4095 4095 1299 4095
158 153 149 113 164 1307 4095 4095 4095 4095
126 149 137 109 141 1307 4095 4095 4095 4095
123 158 135 170 80 4095 4095 4095 1299 4095
133 145 129 110 116 1308 4095 4095 4095 4095
161 155 130 114 71 1306 4095 4095 4095 4095
160 155 122 108 139 1307 4095 4095 4095 4095
137 159 151 116 106 1308 4095 4095 4095 4095
176 156 131 115 77 1307 4095 4095 4095 4095
121 151 239 108 156 4095 4095 1321 4095 4095
126 155 124 108 147 1307 4095 4095 4095 4095
168 148 125 111 112 1307 4095 4095 4095 4095
160 152 127 114 84 1307 4095 4095 4095 4095
191 159 151 115 114 1307 4095 4095 4095 4095
125 152 143 108 200 1307 4095 4095 4095 4095
121 150 130 144 166 4095 4095 4095 1299 4095
164 157 156 116 118 1306 4095 4095 4095 4095
149 219 215 502 155 4095 4095 4095 1299 4095
400 149 126 108 149 1308 4095 4095 4095 4095
115 152 124 126 175 4095 4095 4095 1299 4095
154 153 141 112 152 1307 4095 4095 4095 4095
138 148 136 108 143 1308 4095 4095 4095 4095
146 153 128 109 205 1308 4095 4095 4095 4095
119 362 121 104 153 4095 1326 4095 4095 4095
151 152 120 103 159 1307 4095 4095 4095 4095
146 149 128 112 96 1307 4095 4095 4095 4095
160 145 135 110 124 1306 4095 4095 4095 4095
129 157 150 115 111 1308 4095 4095 4095 4095
128 159 267 114 115 4095 4095 1320 4095 4095
118 154 254 114 148 4095 4095 1320 4095 4095
126 163 155 146 104 4095 4095 4095 1298 4095
147 150 133 108 149 1307 4095 4095 4095 4095
135 155 143 104 188 1307 4095 4095 4095 4095
140 158 152 114 119 1307 4095 4095 4095 4095
143 153 127 108 146 1307 4095 4095 4095 4095
129 161 166 139 131 4095 4095 4095 1300 4095
1085 233 177 132 76 1308 4095 4095 4095 4095
146 156 116 105 139 1307 4095 4095 4095 4095
130 152 128 103 200 1307 4095 4095 4095 4095
125 151 128 138 161 4095 4095 4095 1300 4095
130 154 114 105 140 1308 4095 4095 4095 4095
118 159 259 117 71 4095 4095 1320 4095 4095
130 154 116 105 140 1307 4095 4095 4095 4095
153 154 154 113 156 1307 4095 4095 4095 4095
135 161 165 117 129 1307 4095 4095 4095 4095
138 150 127 113 84 1307 4095 4095 4095 4095
128 149 134 108 151 1308 4095 4095 4095 4095
128 153 153 115 136 1307 4095 4095 4095 4095
186 157 157 113 131 1307 4095 4095 4095 4095
149 182 148 112 184 1308 4095 4095 4095 4095
130 162 156 170 97 4095 4095 4095 1299 4095
141 159 151 114 111 1308 4095 4095 4095 4095
249 147 133 109 139 1308 4095 4095 4095 4095
126 154 141 104 198 1307 4095 4095 4095 4095
136 158 133 116 61 1308 4095 4095 4095 4095
129 151 128 139 197 4095 4095 4095 1299 4095
169 152 143 106 201 1307 4095 4095 4095 4095
172 153 113 104 136 1307 4095 4095 4095 4095
130 154 115 104 139 1307 4095 4095 4095 4095
142 151 128 113 90 1308 4095 4095 4095 4095
139 149 127 156 87 4095 4095 4095 1299 4095
126 161 261 114 113 4095 4095 1321 4095 4095
150 155 162 114 143 1307 4095 4095 4095 4095
142 149 129 108 163 1308 4095 4095 4095 4095
149 159 163 119 130 1308 4095 4095 4095 4095
141 158 165 115 181 1308 4095 4095 4095 4095
145 156 143 108 190 1307 4095 4095 4095 4095
124 152 116 105 130 1307 4095 4095 4095 4095
178 161 160 119 113 1307 4095 4095 4095 4095
147 158 151 114 109 1306 4095 4095 4095 4095
122 148 135 128 146 4095 4095 4095 4095 4095
129 150 134 108 157 1308 4095 4095 4095 4095
141 158 165 115 140 1307 4095 4095 4095 4095
120 155 115 144 141 4095 4095 4095 1299 4095
138 145 132 110 121 1308 4095 4095 4095 4095
127 157 134 159 80 4095 4095 4095 1298 4095
122 151 129 214 81 4095 4095 4095 1299 4095
127 154 152 113 146 1307 4095 4095 4095 4095
131 147 133 108 114 1307 4095 4095 4095 4095
156 158 153 114 126 1307 4095 4095 4095 4095
166 159 166 117 132 1307 4095 4095 4095 4095
150 155 133 115 83 1307 4095 4095 4095 4095
140 155 146 108 191 1307 4095 4095 4095 4095
128 149 129 108 169 1307 4095 4095 4095 4095
164 149 118 102 155 1306 4095 4095 4095 4095
130 156 155 114 139 1308 4095 4095 4095 4095
128 159 156 145 119 4095 4095 4095 1299 4095
136 153 145 113 152 1308 4095 4095 4095 4095
114 159 277 116 77 4095 4095 1319 4095 4095
178 151 128 113 93 1307 4095 4095 4095 4095
120 155 248 114 152 4095 4095 1321 4095 4095
121 145 134 127 130 4095 4095 4095 1386 4095
126 151 119 103 148 1308 4095 4095 4095 4095
137 155 115 107 132 1307 4095 4095 4095 4095
142 152 142 106 203 1307 4095 4095 4095 4095
144 152 129 114 82 1308 4095 4095 4095 4095
155 152 129 109 148 1307 4095 4095 4095 4095
121 156 119 142 136 4095 4095 4095 1298 4095
176 151 125 102 181 1306 4095 4095 4095 4095
175 156 120 108 135 1306 4095 4095 4095 4095
163 151 130 113 93 1307 4095 4095 4095 4095
150 151 141 105 183 1307 4095 4095 4095 4095
127 152 128 114 84 1307 4095 4095 4095 4095
137 155 133 116 73 1307 4095 4095 4095 4095
135 148 122 131 111 4095 4095 4095 1299 4095
248 153 143 105 204 1308 4095 4095 4095 4095
121 151 129 107 159 1308 4095 4095 4095 4095
122 157 271 116 72 4095 4095 1320 4095 4095
130 143 130 178 121 4095 4095 4095 1299 4095
125 157 272 114 134 4095 4095 1320 4095 4095
154 147 134 108 134 1307 4095 4095 4095 4095
139 150 132 107 161 1308 4095 4095 4095 4095
155 160 157 118 111 1307 4095 4095 4095 4095
172 157 165 117 143 1307 4095 4095 4095 4095
147 157 133 117 73 1306 4095 4095 4095 4095
147 150 130 108 159 1306 4095 4095 4095 4095
126 153 129 114 71 1307 4095 4095 4095 4095
642 158 159 115 135 1308 4095 4095 4095 4095
139 156 163 117 134 1309 4095 4095 4095 4095
158 149 126 111 103 1307 4095 4095 4095 4095
145 157 164 115 142 1308 4095 4095 4095 4095
123 154 144 140 197 4095 4095 4095 1299 4095
137 161 155 116 119 1308 4095 4095 4095 4095
118 148 133 107 125 1308 4095 4095 4095 4095
162 156 131 115 75 1306 4095 4095 4095 4095
163 153 114 105 105 1307 4095 4095 4095 4095
121 214 154 113 129 4095 1326 4095 4095 4095
133 160 163 117 132 1307 4095 4095 4095 4095
136 159 150 114 113 1307 4095 4095 4095 4095
152 152 116 104 135 1306 4095 4095 4095 4095
134 154 142 111 190 1309 4095 4095 4095 4095
157 158 149 115 123 1307 4095 4095 4095 4095
137 153 146 107 192 1308 4095 4095 4095 4095
142 155 115 104 138 1308 4095 4095 4095 4095
153 160 154 114 109 1307 4095 4095 4095 4095
142 151 119 103 158 1306 4095 4095 4095 4095
142 159 149 115 69 1306 4095 4095 4095 4095
151 163 160 118 114 1307 4095 4095 4095 4095
159 151 128 113 91 1307 4095 4095 4095 4095
135 156 123 108 139 1308 4095 4095 4095 4095
163 150 133 109 132 1307 4095 4095 4095 4095
130 155 121 107 135 1307 4095 4095 4095 4095
141 157 166 114 136 1307 4095 4095 4095 4095
137 151 128 114 82 1308 4095 4095 4095 4095
464 157 127 109 145 1306 4095 4095 4095 4095
111 151 228 108 163 4095 4095 1320 4095 4095
155 154 143 111 119 1308 4095 4095 4095 4095
136 161 159 118 121 1308 4095 4095 4095 4095
155 150 131 108 162 1306 4095 4095 4095 4095
157 159 149 115 110 1307 4095 4095 4095 4095
129 151 146 107 198 1307 4095 4095 4095 4095
163 146 133 111 132 1306 4095 4095 4095 4095
148 153 142 110 169 1307 4095 4095 4095 4095
125 155 156 114 141 1307 4095 4095 4095 4095
143 158 166 115 136 1307 4095 4095 4095 4095
115 157 157 138 115 4095 4095 4095 1299 4095
152 159 165 117 135 1306 4095 4095 4095 4095
131 158 150 115 116 1308 4095 4095 4095 4095
123 155 157 189 119 4095 4095 4095 1299 4095
180 151 143 106 200 1307 4095 4095 4095 4095
116 152 395 105 157 4095 4095 1319 4095 4095
134 154 142 111 167 1308 4095 4095 4095 4095
160 150 124 112 102 1307 4095 4095 4095 4095
149 157 149 115 103 1307 4095 4095 4095 4095
133 159 166 116 146 1308 4095 4095 4095 4095
217 210 222 130 160 1306 4095 4095 4095 4095
124 149 131 125 161 4095 4095 4095 4095 4095
172 155 127 108 141 1306 4095 4095 4095 4095
141 159 149 115 116 1308 4095 4095 4095 4095
138 153 143 107 171 1307 4095 4095 4095 4095
126 156 144 111 162 1308 4095 4095 4095 4095
152 149 134 109 137 1306 4095 4095 4095 4095
150 154 156 116 123 1307 4095 4095 4095 4095
133 159 165 171 137 4095 4095 4095 1299 4095
151 156 123 108 145 1307 4095 4095 4095 4095
210 149 129 108 169 1307 4095 4095 4095 4095
140 157 115 107 134 1307 4095 4095 4095 4095
125 145 194 110 122 4095 4095 1320 4095 4095
142 155 120 108 130 1308 4095 4095 4095 4095
135 148 129 107 167 1308 4095 4095 4095 4095
155 150 129 112 104 1307 4095 4095 4095 4095
144 147 132 109 122 1306 4095 4095 4095 4095
176 144 122 111 114 1307 4095 4095 4095 4095
141 151 117 103 145 1308 4095 4095 4095 4095
149 153 126 108 161 1307 4095 4095 4095 4095
122 159 136 144 69 4095 4095 4095 1298 4095
159 148 126 107 165 1306 4095 4095 4095 4095
137 152 126 103 179 1307 4095 4095 4095 4095
126 162 151 118 90 1308 4095 4095 4095 4095
163 159 160 118 118 1308 4095 4095 4095 4095
130 155 144 109 185 1308 4095 4095 4095 4095
134 159 135 117 82 1307 4095 4095 4095 4095
121 148 208 108 152 4095 4095 1321 4095 4095
152 159 164 117 138 1308 4095 4095 4095 4095
130 152 143 107 205 1307 4095 4095 4095 4095
130 147 133 109 136 1308 4095 4095 4095 4095
127 151 118 103 151 1307 4095 4095 4095 4095
163 148 134 109 138 1307 4095 4095 4095 4095
150 156 153 115 138 1306 4095 4095 4095 4095
142 151 128 113 99 1307 4095 4095 4095 4095
134 145 131 111 121 1308 4095 4095 4095 4095
178 159 138 119 84 1307 4095 4095 4095 4095
127 159 163 194 138 4095 4095 4095 1299 4095
173 156 153 115 153 1306 4095 4095 4095 4095
123 148 134 171 137 4095 4095 4095 1298 4095
128 153 367 115 70 4095 4095 1320 4095 4095
150 157 150 115 121 1307 4095 4095 4095 4095
168 150 130 107 156 1308 4095 4095 4095 4095
171 154 117 108 140 1307 4095 4095 4095 4095
125 158 165 172 127 4095 4095 4095 1299 4095
123 154 219 113 111 4095 4095 1321 4095 4095
128 155 220 114 78 4095 4095 1320 4095 4095
155 155 130 116 69 1307 4095 4095 4095 4095
124 156 223 114 148 4095 4095 1320 4095 4095
115 156 162 114 126 1308 4095 4095 4095 4095
122 155 132 154 71 4095 4095 4095 1299 4095
1341 210 188 120 248 1309 4095 4095 4095 4095
152 157 149 115 109 1307 4095 4095 4095 4095
126 156 250 109 165 4095 4095 1320 4095 4095
163 155 132 115 75 1307 4095 4095 4095 4095
133 161 154 118 103 1307 4095 4095 4095 4095
158 154 132 115 80 1306 4095 4095 4095 4095
150 158 160 114 132 1306 4095 4095 4095 4095
124 153 243 111 172 4095 4095 1320 4095 4095
132 153 147 108 198 1307 4095 4095 4095 4095
169 152 128 108 161 1307 4095 4095 4095 4095
317 158 158 114 131 1307 4095 4095 4095 4095
118 154 113 104 138 1308 4095 4095 4095 4095
149 156 156 114 149 1308 4095 4095 4095 4095
126 158 163 179 132 4095 4095 4095 1298 4095
128 159 138 407 77 4095 4095 4095 1299 4095
176 150 129 115 67 1307 4095 4095 4095 4095
124 149 233 109 148 4095 4095 1320 4095 4095
359 184 142 120 124 1307 4095 4095 4095 4095
183 160 164 117 136 1307 4095 4095 4095 4095
146 151 128 112 94 1306 4095 4095 4095 4095
121 154 141 111 168 1308 4095 4095 4095 4095
143 154 127 109 151 1306 4095 4095 4095 4095
127 154 124 150 148 4095 4095 4095 1299 4095
132 157 157 115 141 1308 4095 4095 4095 4095
136 148 133 110 119 1308 4095 4095 4095 4095
135 155 115 105 144 1306 4095 4095 4095 4095
118 150 136 158 151 4095 4095 4095 1299 4095
126 156 122 134 136 4095 4095 4095 1299 4095
121 209 157 115 106 4095 4095 4095 4095 4095
164 154 143 111 214 1307 4095 4095 4095 4095
120 153 246 106 198 4095 4095 1320 4095 4095
145 143 122 110 121 1307 4095 4095 4095 4095
166 150 127 114 92 1307 4095 4095 4095 4095
124 156 118 108 134 1307 4095 4095 4095 4095
142 154 145 109 203 1307 4095 4095 4095 4095
180 213 221 127 161 1308 4095 4095 4095 4095
113 154 114 128 148 4095 4095 4095 1299 4095
157 155 153 114 159 1307 4095 4095 4095 4095
129 208 157 116 134 4095 1326 4095 4095 4095
160 155 120 108 320 1307 4095 4095 4095 1742
151 154 117 107 133 1307 4095 4095 4095 4095
123 153 145 164 200 4095 4095 4095 1299 4095
146 158 151 115 115 1307 4095 4095 4095 4095
123 158 166 135 139 4095 4095 4095 1299 4095
150 159 163 117 141 1308 4095 4095 4095 4095
128 149 134 109 155 1307 4095 4095 4095 4095
128 156 131 149 83 4095 4095 4095 1298 4095
143 158 150 115 113 1307 4095 4095 4095 4095
1374 207 186 116 283 1308 4095 4095 4095 4095
144 155 121 108 118 1307 4095 4095 4095 4095
159 154 153 116 137 1307 4095 4095 4095 4095
146 153 143 104 206 1308 4095 4095 4095 4095
122 156 120 185 138 4095 4095 4095 1299 4095
114 152 133 138 157 4095 4095 4095 1300 4095
159 152 144 109 200 1308 4095 4095 4095 4095
154 154 130 115 80 1307 4095 4095 4095 4095
124 152 119 139 157 4095 4095 4095 1299 4095
130 151 131 113 94 1308 4095 4095 4095 4095
117 154 130 109 139 1308 4095 4095 4095 4095
128 154 253 109 148 4095 4095 1320 4095 4095
183 154 129 115 65 1307 4095 4095 4095 4095
3544 252 180 114 1218 1308 4095 4095 4095 1366
144 152 141 105 191 1308 4095 4095 4095 4095
343 154 127 108 164 1306 4095 4095 4095 4095
157 208 362 116 170 4095 4095 1321 4095 4095
169 157 139 118 80 1306 4095 4095 4095 4095
175 157 165 115 135 1307 4095 4095 4095 4095
137 153 133 115 79 1308 4095 4095 4095 4095
146 145 126 110 118 1306 4095 4095 4095 4095
132 153 261 107 195 4095 4095 1320 4095 4095
131 158 152 114 122 1307 4095 4095 4095 4095
144 150 128 112 111 1308 4095 4095 4095 4095
123 159 156 155 117 4095 4095 4095 1299 4095
117 153 130 150 155 4095 4095 4095 1299 4095
137 154 140 104 199 1308 4095 4095 4095 4095
225 195 151 122 106 1306 4095 4095 4095 4095
121 144 121 198 118 4095 4095 4095 1299 4095
4095 405 229 135 194 1325 1326 4095 4095 4095
157 158 152 114 112 1307 4095 4095 4095 4095
139 153 143 108 189 1307 4095 4095 4095 4095
177 159 164 117 132 1307 4095 4095 4095 4095
2920 177 133 103 179 1308 4095 4095 4095 4095
162 185 158 113 198 1305 4095 4095 4095 4095
138 152 145 111 181 1307 4095 4095 4095 4095
139 148 127 112 100 1308 4095 4095 4095 4095
129 144 135 108 141 1308 4095 4095 4095 4095
140 154 154 115 137 1308 4095 4095 4095 4095
145 158 152 114 110 1307 4095 4095 4095 4095
149 151 144 105 192 1307 4095 4095 4095 4095
139 147 129 108 153 1307 4095 4095 4095 4095
130 156 227 116 126 4095 4095 1320 4095 4095
131 151 116 103 144 1308 4095 4095 4095 4095
153 154 141 112 157 1307 4095 4095 4095 4095
144 160 153 115 108 1308 4095 4095 4095 4095
121 211 145 106 198 4095 1325 4095 4095 4095
127 159 153 114 118 1307 4095 4095 4095 4095
127 151 144 140 200 4095 4095 4095 1299 4095
127 154 143 130 189 4095 4095 4095 1299 4095
124 157 152 171 119 4095 4095 4095 1299 4095
145 154 153 113 152 1306 4095 4095 4095 4095
129 153 144 110 184 1309 4095 4095 4095 4095
115 153 243 108 162 4095 4095 1321 4095 4095
141 152 132 114 75 1308 4095 4095 4095 4095
157 154 145 110 174 1307 4095 4095 4095 4095
120 149 212 108 170 4095 4095 1321 4095 4095
143 145 131 111 112 1308 4095 4095 4095 4095
131 145 132 109 121 1307 4095 4095 4095 4095
144 157 148 115 111 1308 4095 4095 4095 4095
141 193 166 246 150 4095 4095 4095 1299 4095
163 154 127 108 144 1307 4095 4095 4095 4095
128 151 121 102 170 1308 4095 4095 4095 4095
109 154 142 113 173 1308 4095 4095 4095 4095
126 158 141 119 71 1307 4095 4095 4095 4095
135 149 129 113 90 1307 4095 4095 4095 4095
144 160 163 117 129 1308 4095 4095 4095 4095
137 155 156 115 131 1308 4095 4095 4095 4095
168 159 151 115 108 1306 4095 4095 4095 4095
148 150 120 104 203 1308 4095 4095 4095 4095
848 204 186 117 273 1308 4095 4095 4095 4095
132 148 136 108 138 1307 4095 4095 4095 4095
171 150 126 113 89 1307 4095 4095 4095 4095
138 154 130 116 74 1308 4095 4095 4095 4095
148 153 113 105 141 1306 4095 4095 4095 4095
115 161 140 190 78 4095 4095 4095 1298 4095
124 162 225 119 93 4095 4095 1320 4095 4095
141 159 151 115 109 1308 4095 4095 4095 4095
156 158 150 116 118 1307 4095 4095 4095 4095
150 159 166 116 146 1307 4095 4095 4095 4095
147 154 115 104 138 1307 4095 4095 4095 4095
172 155 121 108 130 1306 4095 4095 4095 4095
138 150 128 113 88 1308 4095 4095 4095 4095
138 144 125 111 102 1308 4095 4095 4095 4095
147 152 145 109 200 1308 4095 4095 4095 4095
144 152 128 108 161 1307 4095 4095 4095 4095
143 155 115 105 132 1307 4095 4095 4095 4095
170 160 165 118 132 1307 4095 4095 4095 4095
128 156 160 114 130 1307 4095 4095 4095 4095
115 160 155 165 189 4095 4095 4095 1300 908
121 158 238 115 113 4095 4095 1321 4095 4095
129 160 165 116 129 1308 4095 4095 4095 4095
135 157 157 117 132 1307 4095 4095 4095 4095
165 222 196 112 299 1307 4095 4095 4095 4095
141 146 136 107 147 1307 4095 4095 4095 4095
123 155 233 116 75 4095 4095 1321 4095 4095
123 154 142 109 190 1307 4095 4095 4095 4095
139 154 152 114 147 1307 4095 4095 4095 4095
154 151 127 102 190 1305 4095 4095 4095 4095
119 155 131 137 73 4095 4095 4095 1299 4095
173 160 163 114 141 1309 4095 4095 4095 4095
148 157 165 115 142 1307 4095 4095 4095 4095
154 158 152 115 109 1306 4095 4095 4095 4095
151 155 122 108 140 1306 4095 4095 4095 4095
124 162 232 115 116 4095 4095 1320 4095 4095
156 145 131 109 122 1307 4095 4095 4095 4095
147 157 154 117 116 1307 4095 4095 4095 4095
121 158 156 116 109 1308 4095 4095 4095 4095
144 160 152 115 116 1308 4095 4095 4095 4095
161 160 164 116 138 1307 4095 4095 4095 4095
130 154 144 111 171 1307 4095 4095 4095 4095
131 155 155 114 152 1308 4095 4095 4095 4095
120 151 120 140 158 4095 4095 4095 1299 4095
126 159 272 115 128 4095 4095 1320 4095 4095
146 156 143 108 195 1307 4095 4095 4095 4095
142 148 133 108 146 1307 4095 4095 4095 4095
135 151 130 108 159 1308 4095 4095 4095 4095
128 149 246 112 135 4095 4095 1320 4095 4095
473 146 136 108 141 1307 4095 4095 4095 4095
143 151 126 113 97 1308 4095 4095 4095 4095
139 157 133 116 83 1309 4095 4095 4095 4095
178 158 124 109 139 1306 4095 4095 4095 4095
134 158 134 117 74 1308 4095 4095 4095 4095
176 228 145 118 247 1307 4095 4095 4095 4095
140 157 127 109 159 1308 4095 4095 4095 4095
141 152 144 106 234 1308 4095 4095 4095 4095
122 150 131 193 165 4095 4095 4095 1299 4095
161 151 128 112 98 1307 4095 4095 4095 4095
169 153 129 113 73 1307 4095 4095 4095 4095
128 152 124 103 148 1307 4095 4095 4095 4095
162 155 133 115 74 1307 4095 4095 4095 4095
130 157 157 115 124 1307 4095 4095 4095 4095
123 152 146 108 193 1308 4095 4095 4095 4095
135 149 129 107 157 1307 4095 4095 4095 4095
958 212 137 114 167 1308 4095 4095 4095 4095
454 147 136 109 139 1308 4095 4095 4095 4095
177 175 153 113 178 1308 4095 4095 4095 4095
123 154 143 127 196 4095 4095 4095 1300 4095
120 151 203 108 161 4095 4095 1321 4095 4095
130 153 143 137 203 4095 4095 4095 1299 4095
151 157 164 116 141 1307 4095 4095 4095 4095
166 153 128 108 159 1308 4095 4095 4095 4095
120 153 192 108 165 4095 4095 4095 4095 4095
152 154 143 111 172 1306 4095 4095 4095 4095
125 160 243 117 133 4095 4095 1321 4095 4095
138 160 336 117 137 4095 4095 1319 4095 4095
173 159 151 114 115 1308 4095 4095 4095 4095
165 155 133 115 71 1308 4095 4095 4095 4095
363 155 143 105 194 1307 4095 4095 4095 4095
1303 183 169 109 258 1309 4095 4095 4095 4095
176 155 114 104 135 1307 4095 4095 4095 4095
136 153 144 104 198 1308 4095 4095 4095 4095
143 154 133 116 81 1308 4095 4095 4095 4095
133 146 134 109 131 1308 4095 4095 4095 4095
159 152 116 105 131 1306 4095 4095 4095 4095
142 152 145 106 186 1308 4095 4095 4095 4095
135 169 141 160 124 4095 4095 4095 2020 4095
126 155 156 115 143 1307 4095 4095 4095 4095
125 163 154 119 94 1307 4095 4095 4095 4095
218 158 155 116 126 1307 4095 4095 4095 4095
164 153 144 109 192 1307 4095 4095 4095 4095
199 150 129 112 89 1307 4095 4095 4095 4095
122 149 204 107 172 4095 4095 1321 4095 4095
131 151 124 103 175 1307 4095 4095 4095 4095
149 155 139 104 193 1307 4095 4095 4095 4095
119 149 133 142 168 4095 4095 4095 1299 4095
125 155 206 116 75 4095 4095 1320 4095 4095
120 157 156 160 132 4095 4095 4095 1299 4095
125 149 117 137 164 4095 4095 4095 1299 4095
113 150 141 135 223 4095 4095 4095 1299 4095
159 158 161 115 135 1307 4095 4095 4095 4095
406 152 115 105 132 1307 4095 4095 4095 4095
203 152 128 108 149 1308 4095 4095 4095 4095
212 220 196 122 259 1307 4095 4095 4095 4095
148 157 156 114 151 1307 4095 4095 4095 4095
121 150 131 108 174 1307 4095 4095 4095 4095
146 156 118 103 192 1307 4095 4095 4095 3175
135 145 133 109 126 1307 4095 4095 4095 4095
145 159 149 116 95 1308 4095 4095 4095 4095
158 157 149 115 116 1307 4095 4095 4095 4095
169 147 131 110 114 1306 4095 4095 4095 4095
153 152 128 108 154 1307 4095 4095 4095 4095
234 148 134 109 140 1306 4095 4095 4095 4095
172 158 159 113 137 1307 4095 4095 4095 4095
147 150 127 113 86 1308 4095 4095 4095 4095
129 156 219 116 71 4095 4095 1321 4095 4095
117 158 157 168 131 4095 4095 4095 1299 4095
157 149 134 109 156 1306 4095 4095 4095 4095
149 157 158 115 123 1307 4095 4095 4095 4095
151 158 133 117 77 1307 4095 4095 4095 4095
130 160 164 161 100 4095 4095 4095 1299 4095
156 158 150 114 112 1308 4095 4095 4095 4095
313 156 134 117 74 1307 4095 4095 4095 4095
145 161 149 115 111 1308 4095 4095 4095 4095
132 155 153 114 151 1308 4095 4095 4095 4095
124 152 122 103 166 1307 4095 4095 4095 4095
190 151 120 103 172 1307 4095 4095 4095 4095
174 154 116 107 136 1306 4095 4095 4095 4095
143 153 148 114 154 1306 4095 4095 4095 4095
120 156 214 106 132 4095 4095 1320 4095 4095
137 157 148 115 111 1308 4095 4095 4095 4095
227 155 142 109 185 1307 4095 4095 4095 4095
149 150 133 109 142 1307 4095 4095 4095 4095
157 161 137 118 76 1308 4095 4095 4095 4095
128 159 226 113 129 4095 4095 1320 4095 4095
143 157 151 114 112 1307 4095 4095 4095 4095
171 159 165 116 139 1307 4095 4095 4095 4095
130 144 223 110 126 4095 4095 1321 4095 4095
129 150 130 141 150 4095 4095 4095 1299 4095
136 147 136 109 139 1308 4095 4095 4095 4095
151 148 127 113 98 1308 4095 4095 4095 4095
133 149 128 114 79 1306 4095 4095 4095 4095
125 158 165 117 131 1307 4095 4095 4095 4095
130 150 143 152 201 4095 4095 4095 1299 4095
137 148 134 109 140 1308 4095 4095 4095 4095
139 156 120 108 144 1307 4095 4095 4095 4095
130 148 133 109 141 1308 4095 4095 4095 4095
172 147 133 111 121 1307 4095 4095 4095 4095
127 159 165 162 131 4095 4095 4095 1299 4095
185 154 117 105 136 1307 4095 4095 4095 4095
181 154 115 106 137 1307 4095 4095 4095 4095
141 152 142 107 205 1308 4095 4095 4095 4095
178 150 127 112 94 1308 4095 4095 4095 4095
147 161 154 116 110 1307 4095 4095 4095 4095
141 150 144 107 211 1307 4095 4095 4095 4095
129 154 120 102 147 1307 4095 4095 4095 4095
119 159 163 179 134 4095 4095 4095 1298 4095
162 155 127 108 153 1306 4095 4095 4095 4095
632 189 152 115 205 1308 4095 4095 4095 4095
174 151 128 108 161 1307 4095 4095 4095 4095
129 157 244 114 135 4095 4095 1320 4095 4095
159 153 143 110 181 1307 4095 4095 4095 4095
164 155 154 113 135 1307 4095 4095 4095 4095
159 159 154 114 127 1307 4095 4095 4095 4095
128 144 190 111 113 4095 4095 1321 4095 4095
151 157 157 115 111 1307 4095 4095 4095 4095
121 153 142 145 206 4095 4095 4095 1298 4095
194 155 116 106 141 1308 4095 4095 4095 4095
152 158 154 115 116 1307 4095 4095 4095 4095
150 154 127 115 63 1307 4095 4095 4095 4095
197 155 116 105 136 1308 4095 4095 4095 4095
120 156 125 109 166 1308 4095 4095 4095 4095
115 154 144 158 176 4095 4095 4095 1298 4095
111 155 117 140 124 4095 4095 4095 1300 4095
151 151 130 108 163 1308 4095 4095 4095 4095
123 158 200 116 72 4095 4095 4095 4095 4095
162 155 121 108 146 1307 4095 4095 4095 4095
146 156 159 113 138 1306 4095 4095 4095 4095
172 159 155 115 114 1306 4095 4095 4095 4095
296 149 137 109 142 1307 4095 4095 4095 4095
115 158 217 118 75 4095 4095 1321 4095 4095
122 147 296 111 121 4095 4095 1320 4095 4095
118 157 133 182 77 4095 4095 4095 1299 4095
155 158 149 116 113 1307 4095 4095 4095 4095
136 155 155 114 130 1308 4095 4095 4095 4095
132 155 116 106 139 1308 4095 4095 4095 4095
120 158 292 114 138 4095 4095 1321 4095 4095
146 157 151 115 129 1308 4095 4095 4095 4095
121 157 205 116 73 4095 4095 1321 4095 4095
136 159 166 117 137 1307 4095 4095 4095 4095
109 153 115 105 154 1308 4095 4095 4095 4095
129 155 134 139 77 4095 4095 4095 1299 4095
123 155 217 110 160 4095 4095 1321 4095 4095
132 155 115 106 143 1308 4095 4095 4095 4095
147 155 153 114 154 1307 4095 4095 4095 4095
119 155 227 114 79 4095 4095 1320 4095 4095
313 160 151 115 91 1308 4095 4095 4095 4095
120 151 129 152 103 4095 4095 4095 1300 4095
1356 199 164 114 227 1309 4095 4095 4095 4095
121 154 144 133 191 4095 4095 4095 1299 4095
136 153 123 103 169 1308 4095 4095 4095 4095
131 155 129 145 75 4095 4095 4095 1299 4095
121 157 293 113 116 4095 4095 1321 4095 4095
144 157 158 115 134 1308 4095 4095 4095 4095
155 149 135 108 151 1308 4095 4095 4095 4095
135 151 130 108 163 1308 4095 4095 4095 4095
116 153 127 175 158 1308 4095 4095 4095 4095
155 154 145 106 201 1306 4095 4095 4095 4095
274 154 146 111 186 1308 4095 4095 4095 4095
151 147 134 108 141 1306 4095 4095 4095 4095
175 149 127 112 103 1307 4095 4095 4095 4095
1006 247 244 138 155 1305 4095 4095 4095 4095
121 153 117 141 148 4095 4095 4095 1299 4095
152 155 129 108 215 1307 4095 4095 4095 4095
151 158 136 117 75 1308 4095 4095 4095 4095
120 154 143 155 192 4095 4095 4095 1299 4095
124 153 144 143 199 4095 4095 4095 1299 4095
155 155 116 105 139 1306 4095 4095 4095 4095
121 151 217 108 165 4095 4095 1320 4095 4095
143 158 163 115 135 1308 4095 4095 4095 4095
926 207 134 109 187 1309 4095 4095 4095 4095
121 161 228 119 111 4095 4095 1320 4095 4095
132 149 128 111 112 1307 4095 4095 4095 4095
169 154 144 111 165 1306 4095 4095 4095 4095
153 153 145 107 198 1308 4095 4095 4095 4095
123 151 123 103 158 1308 4095 4095 4095 4095
142 151 129 157 89 4095 4095 4095 1298 4095
207 160 150 119 82 1308 4095 4095 4095 4095
142 160 156 120 115 1307 4095 4095 4095 4095
127 154 116 106 141 1308 4095 4095 4095 4095
157 159 163 116 137 1307 4095 4095 4095 4095
254 211 217 127 171 1308 4095 4095 4095 4095
166 154 125 109 227 1306 4095 4095 4095 1316
148 158 154 115 106 1308 4095 4095 4095 4095
130 156 132 117 70 1307 4095 4095 4095 4095
133 150 130 109 159 1308 4095 4095 4095 4095
143 148 128 114 86 1307 4095 4095 4095 4095
135 157 137 118 74 1307 4095 4095 4095 4095
126 154 131 161 73 4095 4095 4095 1300 4095
122 159 134 143 74 4095 4095 4095 1300 4095
144 146 133 109 133 1307 4095 4095 4095 4095
154 146 131 108 134 1306 4095 4095 4095 4095
155 159 152 119 79 1307 4095 4095 4095 4095
138 152 144 106 205 1308 4095 4095 4095 4095
144 155 154 114 138 1307 4095 4095 4095 4095
106 147 129 154 178 4095 4095 4095 1298 4095
131 164 209 112 182 4095 4095 4095 4095 4095
175 146 133 109 133 1306 4095 4095 4095 4095
123 159 164 161 139 4095 4095 4095 1300 4095
126 153 144 109 178 1307 4095 4095 4095 4095
159 145 135 111 122 1306 4095 4095 4095 4095
157 148 135 108 146 1307 4095 4095 4095 4095
150 154 127 114 85 1307 4095 4095 4095 4095
139 145 133 109 120 1308 4095 4095 4095 4095
148 156 142 110 183 1307 4095 4095 4095 4095
150 164 153 119 67 1307 4095 4095 4095 4095
211 146 134 109 135 1307 4095 4095 4095 4095
140 158 166 116 209 1307 4095 4095 4095 2805
133 152 129 114 86 1308 4095 4095 4095 4095
183 152 126 113 91 1307 4095 4095 4095 4095
166 153 118 106 134 1306 4095 4095 4095 4095
132 156 160 183 144 4095 4095 4095 1300 4095
144 160 151 115 109 1307 4095 4095 4095 4095
138 156 154 113 134 1308 4095 4095 4095 4095
119 150 128 133 90 4095 4095 4095 1298 4095
141 149 130 108 167 1308 4095 4095 4095 4095
131 159 236 118 121 4095 4095 1320 4095 4095
162 157 127 109 101 1307 4095 4095 4095 4095
175 147 132 110 128 1308 4095 4095 4095 4095
116 148 137 131 144 4095 4095 4095 1300 4095
150 152 143 111 173 1306 4095 4095 4095 4095
550 158 151 115 120 1307 4095 4095 4095 4095
146 151 116 104 144 1306 4095 4095 4095 4095
169 153 141 107 201 1308 4095 4095 4095 4095
183 205 139 115 159 1307 4095 4095 4095 4095
126 149 130 108 167 1307 4095 4095 4095 4095
146 158 157 115 125 1306 4095 4095 4095 4095
138 149 127 103 192 1307 4095 4095 4095 4095
131 149 135 109 121 1308 4095 4095 4095 4095
134 153 116 104 139 1309 4095 4095 4095 4095
144 155 157 114 148 1306 4095 4095 4095 4095
203 197 208 128 161 1308 4095 4095 4095 4095
415 149 133 109 129 1306 4095 4095 4095 4095
147 157 131 115 39 1307 4095 4095 4095 4095
109 155 145 108 179 1307 4095 4095 4095 4095
147 160 153 114 120 1306 4095 4095 4095 4095
144 155 116 107 135 1307 4095 4095 4095 4095
145 151 129 102 190 1308 4095 4095 4095 4095
152 151 144 106 201 1306 4095 4095 4095 4095
132 148 128 131 101 4095 4095 4095 4095 4095
137 144 132 109 123 1307 4095 4095 4095 4095
164 158 134 117 81 1307 4095 4095 4095 4095
135 155 114 104 133 1306 4095 4095 4095 4095
132 152 138 112 153 1308 4095 4095 4095 4095
119 147 131 136 137 4095 4095 4095 1298 4095
180 161 159 119 123 1308 4095 4095 4095 4095
149 159 166 117 132 1307 4095 4095 4095 4095
133 154 113 106 131 1307 4095 4095 4095 4095
121 153 141 182 191 4095 4095 4095 1299 4095
160 150 131 107 174 1306 4095 4095 4095 4095
126 157 157 115 121 1308 4095 4095 4095 4095
144 161 151 118 88 1307 4095 4095 4095 4095
133 149 134 108 146 1307 4095 4095 4095 4095
156 160 164 117 114 1307 4095 4095 4095 4095
159 151 113 105 141 1307 4095 4095 4095 4095
147 149 126 112 98 1308 4095 4095 4095 4095
154 154 121 108 140 1307 4095 4095 4095 4095
143 152 145 113 164 1308 4095 4095 4095 4095
136 153 145 107 209 1308 4095 4095 4095 4095
150 152 128 114 99 1307 4095 4095 4095 4095
138 148 127 111 108 1307 4095 4095 4095 4095
128 161 148 118 80 1308 4095 4095 4095 4095
176 156 142 103 191 1306 4095 4095 4095 4095
148 155 116 104 145 1307 4095 4095 4095 4095
122 159 165 195 137 4095 4095 4095 1299 4095
121 159 165 151 138 4095 4095 4095 1299 4095
161 148 143 113 156 1307 4095 4095 4095 4095
154 153 117 105 81 1306 4095 4095 4095 4095
192 201 141 115 162 1303 4095 4095 4095 4095
185 144 134 109 136 1307 4095 4095 4095 4095
144 157 158 115 124 1308 4095 4095 4095 4095
124 157 156 191 132 4095 4095 4095 1299 4095
143 159 157 119 118 1308 4095 4095 4095 4095
121 162 152 154 95 4095 4095 4095 1298 4095
127 148 133 164 126 4095 4095 4095 1299 4095
130 147 134 128 134 4095 4095 4095 1299 4095
232 159 150 114 112 1307 4095 4095 4095 4095
124 151 129 107 163 1307 4095 4095 4095 4095
148 152 127 114 81 1308 4095 4095 4095 4095
139 163 151 119 74 1307 4095 4095 4095 4095
149 158 165 115 133 1307 4095 4095 4095 4095
154 155 150 114 128 1308 4095 4095 4095 4095
154 156 157 115 127 1306 4095 4095 4095 4095
142 156 158 115 124 1307 4095 4095 4095 4095
156 148 126 111 106 1308 4095 4095 4095 4095
170 156 154 114 145 1306 4095 4095 4095 4095
118 157 176 106 134 4095 4095 4095 4095 4095
128 200 127 111 120 4095 1326 4095 4095 4095
131 155 129 189 81 4095 4095 4095 1299 4095
130 159 154 179 119 4095 4095 4095 1300 4095
144 153 145 109 172 1308 4095 4095 4095 4095
123 152 124 205 164 4095 4095 4095 1299 4095
151 151 127 108 160 1307 4095 4095 4095 4095
132 156 132 159 80 4095 4095 4095 1299 4095
119 149 289 112 158 4095 4095 1321 4095 4095
155 155 116 107 129 1308 4095 4095 4095 4095
149 156 130 116 83 1307 4095 4095 4095 4095
120 157 114 131 136 4095 4095 4095 1299 4095
122 152 117 103 162 1308 4095 4095 4095 4095
135 150 130 108 157 1308 4095 4095 4095 4095
176 152 115 106 136 1307 4095 4095 4095 4095
128 159 162 373 136 4095 4095 4095 1298 4095
124 154 129 108 158 1309 4095 4095 4095 4095
118 153 128 132 158 4095 4095 4095 1299 4095
120 159 154 151 115 4095 4095 4095 1297 4095
134 147 131 110 119 1308 4095 4095 4095 4095
167 236 235 267 144 4095 4095 4095 1299 4095
143 152 120 102 145 1308 4095 4095 4095 4095
204 159 157 118 109 1307 4095 4095 4095 4095
133 141 121 130 110 4095 4095 4095 1299 4095
127 151 128 184 83 4095 4095 4095 1299 4095
155 162 152 119 86 1307 4095 4095 4095 4095
146 150 133 108 172 1308 4095 4095 4095 4095
134 152 143 108 222 1307 4095 4095 4095 4095
183 146 132 109 138 1307 4095 4095 4095 4095
153 152 143 104 204 1307 4095 4095 4095 4095
212 149 133 109 125 1306 4095 4095 4095 4095
141 159 166 116 136 1308 4095 4095 4095 4095
151 143 119 110 117 1308 4095 4095 4095 4095
137 149 133 108 162 1307 4095 4095 4095 4095
124 157 156 114 121 1308 4095 4095 4095 4095
149 152 139 112 168 1307 4095 4095 4095 4095
127 154 144 199 200 4095 4095 4095 1299 4095
150 164 156 118 102 1308 4095 4095 4095 4095
120 150 130 108 167 1308 4095 4095 4095 4095
136 157 148 137 103 4095 4095 4095 1299 4095
158 150 134 108 151 1306 4095 4095 4095 4095
166 151 143 106 202 1306 4095 4095 4095 4095
162 151 127 102 206 1307 4095 4095 4095 4095
895 146 130 110 113 1306 4095 4095 4095 4095
131 154 117 105 129 1308 4095 4095 4095 4095
142 156 149 114 114 1308 4095 4095 4095 4095
122 147 127 133 103 4095 4095 4095 1299 4095
128 153 154 180 180 4095 4095 4095 1299 4095
146 154 144 105 203 1307 4095 4095 4095 4095
137 155 126 109 142 1308 4095 4095 4095 4095
133 149 133 108 154 1308 4095 4095 4095 4095
129 158 164 117 136 1306 4095 4095 4095 4095
135 159 161 115 130 1308 4095 4095 4095 4095
125 154 117 344 172 4095 4095 4095 1299 4095
125 156 268 116 127 4095 4095 1320 4095 4095
161 153 128 114 74 1306 4095 4095 4095 4095
122 158 135 173 70 4095 4095 4095 1299 4095
120 157 122 164 139 4095 4095 4095 1298 4095
136 156 143 110 165 1308 4095 4095 4095 4095
123 151 125 130 169 4095 4095 4095 1299 4095
133 150 130 108 156 1308 4095 4095 4095 4095
774 156 118 104 137 1309 4095 4095 4095 4095
180 149 130 108 162 1307 4095 4095 4095 4095
415 150 133 107 154 1307 4095 4095 4095 4095
128 146 133 140 125 4095 4095 4095 1299 4095
171 152 127 113 86 1308 4095 4095 4095 4095
129 158 310 116 136 4095 4095 1320 4095 4095
159 155 143 110 182 1307 4095 4095 4095 4095
138 153 142 105 198 1307 4095 4095 4095 4095
125 153 250 107 273 4095 4095 1323 4095 1008
132 159 161 116 138 1308 4095 4095 4095 4095
111 149 135 107 130 1308 4095 4095 4095 4095
177 152 127 115 89 1307 4095 4095 4095 4095
147 153 119 107 128 1307 4095 4095 4095 4095
131 147 134 133 144 4095 4095 4095 1299 4095
147 155 155 115 135 1307 4095 4095 4095 4095
148 162 158 118 126 1306 4095 4095 4095 4095
113 151 191 107 162 4095 4095 4095 4095 4095
138 157 151 114 117 1307 4095 4095 4095 4095
158 161 153 115 96 1307 4095 4095 4095 4095
127 154 129 125 195 4095 4095 4095 1299 4095
147 157 156 115 133 1307 4095 4095 4095 4095
136 155 117 108 165 1307 4095 4095 4095 4095
115 153 218 107 155 4095 4095 1320 4095 4095
150 152 146 108 186 1308 4095 4095 4095 4095
159 159 139 118 76 1307 4095 4095 4095 4095
113 153 119 213 138 4095 4095 4095 1299 4095
123 152 224 103 148 4095 4095 1320 4095 4095
130 154 118 107 135 1308 4095 4095 4095 4095
149 155 125 109 154 1307 4095 4095 4095 4095
132 156 121 309 142 4095 4095 4095 1298 4095
129 155 163 115 143 1308 4095 4095 4095 4095
122 154 115 161 137 4095 4095 4095 1299 4095
169 147 134 109 130 1307 4095 4095 4095 4095
124 157 144 111 160 1308 4095 4095 4095 4095
114 157 146 1386 192 4095 4095 4095 1299 4095
136 151 118 103 152 1308 4095 4095 4095 4095
129 155 144 109 190 1308 4095 4095 4095 4095
144 157 156 115 134 1307 4095 4095 4095 4095
157 156 156 115 140 1308 4095 4095 4095 4095
151 154 144 110 222 1306 4095 4095 4095 4095
130 149 129 132 100 4095 4095 4095 1299 4095
145 149 127 113 84 1308 4095 4095 4095 4095
127 160 154 266 123 4095 4095 4095 1298 4095
141 157 157 116 112 1307 4095 4095 4095 4095
233 157 156 114 124 1307 4095 4095 4095 4095
174 153 116 107 133 1307 4095 4095 4095 4095
125 148 130 163 165 4095 4095 4095 1299 4095
139 157 125 108 139 1307 4095 4095 4095 4095
139 157 154 116 119 1308 4095 4095 4095 4095
545 222 195 121 285 1308 4095 4095 4095 4095
138 146 132 110 114 1307 4095 4095 4095 4095
122 156 126 131 145 4095 4095 4095 1299 4095
126 149 127 184 87 4095 4095 4095 1298 4095
188 160 161 116 127 1308 4095 4095 4095 4095
130 158 252 115 142 4095 4095 1320 4095 4095
132 155 154 114 144 1307 4095 4095 4095 4095
141 148 134 110 120 1306 4095 4095 4095 4095
156 148 132 110 126 1306 4095 4095 4095 4095
168 145 121 111 107 1307 4095 4095 4095 4095
135 153 144 106 205 1307 4095 4095 4095 4095
212 155 129 109 155 1308 4095 4095 4095 4095
131 147 129 148 117 4095 4095 4095 1299 4095
138 149 128 112 99 1308 4095 4095 4095 4095
134 162 149 119 85 1308 4095 4095 4095 4095
132 157 164 370 142 4095 4095 4095 1299 4095
133 155 120 108 132 1307 4095 4095 4095 4095
127 147 133 108 146 1307 4095 4095 4095 4095
166 159 164 115 130 1307 4095 4095 4095 4095
128 160 149 207 83 4095 4095 4095 1298 4095
130 152 143 107 194 1308 4095 4095 4095 4095
227 158 156 115 120 1307 4095 4095 4095 4095
299 204 141 107 199 1308 4095 4095 4095 4095
128 159 227 114 128 4095 4095 1321 4095 4095
126 156 189 108 110 4095 4095 1320 4095 4095
130 156 141 103 194 1308 4095 4095 4095 4095
172 161 152 119 97 1307 4095 4095 4095 4095
150 150 125 112 62 1308 4095 4095 4095 4095
122 158 154 144 120 4095 4095 4095 1298 4095
2170 192 157 114 208 1307 4095 4095 4095 4095
132 154 144 110 180 1307 4095 4095 4095 4095
126 155 134 161 77 4095 4095 4095 1299 4095
129 158 164 142 135 4095 4095 4095 1298 4095
166 152 145 112 166 1307 4095 4095 4095 4095
121 157 156 172 122 4095 4095 4095 1298 4095
129 152 129 108 157 1308 4095 4095 4095 4095
132 151 135 108 159 1307 4095 4095 4095 4095
150 153 143 108 194 1306 4095 4095 4095 4095
162 155 144 110 156 1306 4095 4095 4095 4095
153 142 127 111 120 1307 4095 4095 4095 4095
148 160 156 115 110 1307 4095 4095 4095 4095
139 151 144 108 192 1308 4095 4095 4095 4095
135 157 132 117 70 1306 4095 4095 4095 4095
333 149 128 113 104 1307 4095 4095 4095 4095
142 155 115 107 134 1307 4095 4095 4095 4095
145 148 128 111 103 1308 4095 4095 4095 4095
122 154 132 108 160 1308 4095 4095 4095 4095
123 148 126 144 107 4095 4095 4095 1300 4095
171 161 156 118 112 1308 4095 4095 4095 4095
147 149 134 108 149 1308 4095 4095 4095 4095
146 155 115 105 134 1308 4095 4095 4095 4095
146 159 165 116 133 1307 4095 4095 4095 4095
121 155 132 139 85 4095 4095 4095 1299 4095
164 156 133 116 81 1307 4095 4095 4095 4095
141 158 150 114 113 1307 4095 4095 4095 4095
