106 132 157 925 2173 1203 1213 1213 1298 1302
107 139 150 1047 2354 1200 1220 1222 1297 1309
105 129 173 953 1473 1194 1224 1210 1297 1346
103 146 178 1230 847 1185 1211 1207 1297 1327
103 130 161 1063 948 1187 1212 1218 1296 1312
110 183 174 1352 2739 1184 1201 1220 1299 1294
111 126 243 854 1900 1189 1221 1200 1296 1303
116 164 200 1672 4095 1195 1219 1245 1297 1301
109 148 164 938 1586 1190 1205 1211 1298 1323
103 132 161 961 1022 1198 1227 1226 1297 1320
104 164 171 1069 1238 1186 1201 1211 1299 1295
102 131 156 883 1064 1196 1229 1236 1297 1347
102 138 142 1157 919 1188 1215 1217 1297 1319
109 133 186 992 3335 1188 1233 1224 1298 1405
106 133 165 1306 2320 1192 1224 1221 1298 1120
104 133 186 921 1189 1195 1219 1209 1297 1346
104 146 165 1432 726 1188 1207 1224 1297 1328
105 148 182 1034 1286 1193 1211 1209 1296 1324
103 137 156 953 1012 1190 1222 1223 1297 1310
108 129 178 956 841 1189 1218 1212 1297 1350
102 130 123 1008 1282 1189 1235 1271 1298 1459
104 133 163 1059 1427 1198 1225 1215 1298 1427
103 170 150 1116 780 1194 1207 1213 1298 1392
106 136 181 1306 1734 1023 1230 1063 1297 1300
104 132 188 1249 1784 1186 1219 1205 1297 1329
116 140 149 932 2324 1188 1212 1233 1298 1284
114 136 212 1410 3953 1181 1247 1206 1299 1303
106 127 148 1309 2014 1186 1225 1225 1297 1376
104 133 190 885 1081 1181 1205 1213 1298 1310
104 143 172 1224 964 1191 1212 1214 1297 1312
102 127 375 1078 482 1184 1223 1203 1296 1330
106 130 164 2041 1212 1191 1230 1219 1297 1348
106 134 170 1021 1167 1184 1217 1223 1297 1308
105 135 170 867 1777 1179 1217 1218 1296 1354
108 126 159 917 2507 1184 1233 1225 1298 1296
104 132 151 870 1142 1175 1223 1216 1297 1311
106 153 163 1001 1289 1187 1215 1224 1297 1424
104 140 169 960 1161 1193 1219 1214 1298 1440
103 136 182 957 1045 1183 1207 1211 1298 1309
106 139 250 939 4049 1194 1223 1221 1297 1376
107 179 246 923 4095 1179 1206 1206 1297 1307
102 131 152 1003 720 1185 1220 1222 1296 1315
102 146 155 948 706 1186 1205 1221 1298 4095
109 130 142 2958 1440 1202 1229 1238 1298 1428
100 130 156 1120 1314 1192 1220 1216 1297 1314
100 131 155 987 1069 1194 1215 1214 1297 1331
104 129 156 970 1251 1194 1218 1218 1296 1328
103 141 162 1078 1065 1186 1211 1220 1298 1341
102 131 140 1040 1127 1185 1233 1245 1298 1306
110 130 152 873 1617 1190 1220 1207 1297 1308
109 135 217 1027 2572 1181 1217 1216 1297 1298
106 136 166 991 1844 1200 1220 1218 1297 1336
106 131 154 904 1569 1188 1221 1231 1297 1298
110 145 190 933 2145 1185 1226 1219 1297 1307
112 151 146 1273 3356 1179 1208 1223 1298 1289
117 127 158 917 1045 1180 1241 1210 0 1338
103 132 168 1062 1126 1188 1236 1229 1299 1305
103 132 156 910 1109 1192 1226 1214 1298 1310
104 135 182 966 1009 1186 1230 1214 1298 1316
105 134 159 1258 1299 1187 1223 1222 1297 1311
104 127 157 980 1805 1202 1226 1227 1298 1309
102 163 155 1170 837 1188 1211 1218 1298 1394
102 130 167 1012 1152 1189 1218 1214 1297 1332
102 130 190 893 878 1191 1224 1221 1297 1309
107 141 164 995 2314 1191 1219 1215 1297 1296
108 136 156 1221 1862 1182 1214 1225 1296 1317
105 141 147 937 1678 1190 1210 1220 1298 1315
104 133 162 1133 974 1182 1216 1204 1297 1394
107 134 176 1115 2452 1191 1210 1205 1297 1282
103 131 156 1033 1111 1190 1235 1221 1299 1310
102 127 180 933 659 1175 1221 1216 1297 1303
103 130 165 994 913 1187 1213 1206 1298 1360
105 143 178 932 1469 1197 1216 1220 1296 1308
103 142 162 1105 792 1191 1216 1218 1297 4095
105 134 149 857 2501 1184 1209 1228 1298 1290
104 136 194 960 1268 1183 1221 1213 1296 1318
104 137 172 850 1219 1186 1218 1206 1296 1304
107 132 156 1051 2610 1188 1220 1214 1296 1302
103 130 170 764 603 1188 1219 1226 1297 4095
109 142 166 1578 2551 1284 1321 1323 1117 1142
101 142 207 899 1322 330 1208 1203 1298 461
105 138 158 866 1245 1184 1219 1218 1298 1304
103 131 184 837 993 1182 1213 1212 1298 1327
104 129 163 990 1600 1177 1228 1218 1297 1326
105 130 224 842 836 1197 1253 1216 1299 1327
106 156 138 953 1942 1203 1212 1222 1298 1319
106 138 177 1707 1285 1188 1216 1220 1297 1315
105 147 112 1355 2278 861 1327 903 972 1005
88 137 142 684 1912 1180 1212 1226 1298 1501
106 140 202 1076 1500 1190 1212 1211 1297 1306
105 131 253 1266 973 1175 1235 1213 1298 1316
105 149 155 905 3343 1197 1240 1223 1300 1304
104 128 160 413 1668 1180 1219 1207 1296 1293
103 137 168 1714 1092 1193 1223 1222 1296 1309
104 132 181 1582 1395 1198 1233 1220 1298 1330
105 136 174 955 1372 1182 1216 1221 1297 1292
101 137 152 231 872 1179 1219 1200 1296 1324
103 130 150 836 1235 1184 1233 1225 1297 1300
104 134 173 889 1360 1192 1241 1222 1299 1322
105 131 229 1332 1654 1192 1219 1205 1296 1309
103 151 221 896 1569 1190 1212 1211 1298 1317
105 131 165 1446 1052 1199 1229 1218 1298 1328
102 133 168 1087 653 1188 1229 1233 1298 1381
108 131 173 1059 2745 1185 1231 1216 1298 1292
102 135 170 1193 541 1199 1214 1228 1297 4095
103 127 162 919 1157 1187 1246 1216 1299 1319
105 128 158 939 1456 1196 1232 1236 1298 1346
105 159 150 1036 1401 1185 1203 1229 1299 1315
112 136 176 907 4095 1189 1216 1211 1297 286
110 162 162 974 3249 1185 1199 1205 1297 1295
105 128 210 865 1797 1187 1242 1216 1299 1464
102 129 204 703 908 1192 1208 1209 1298 1323
103 132 156 911 1024 1192 1230 1224 1297 1313
103 134 159 1047 902 1184 1224 1223 1296 1302
105 126 156 1026 1570 1193 1242 1219 1300 1308
106 129 166 961 2628 1193 1220 1236 1298 1285
104 129 188 890 2526 1183 1243 1224 1300 1420
106 133 179 1032 1995 1198 1220 1214 1297 1304
105 157 165 966 1603 1182 1212 1219 1297 1331
104 133 167 1058 1061 1182 1232 1202 1298 1354
105 134 148 1423 1269 1183 1220 1223 1297 1321
106 158 156 1637 1797 1190 1213 1220 1298 1305
106 132 179 1079 2835 1193 1224 1229 1296 1272
105 136 182 1432 1448 1207 1215 1220 1298 1314
105 134 158 997 1769 1191 1217 1221 1296 1308
103 128 180 1316 916 1199 1229 1222 1297 1401
104 134 150 949 1320 1182 1236 1230 1299 1321
105 143 165 1022 975 1185 1215 1212 1297 4095
101 131 204 1004 1037 1182 1213 1205 1296 1307
104 126 151 961 1181 1187 1222 1223 1297 1318
109 161 266 1838 2909 1193 1228 1207 1297 1313
104 135 242 878 1522 1189 1220 1203 1296 1305
103 131 171 1029 845 1199 1237 1214 1299 1343
102 134 137 529 3236 1187 1215 1212 1297 1307
121 237 186 1594 4095 1197 1205 1217 1300 1286
102 166 147 918 930 1174 1203 1222 1299 1343
103 130 157 862 1071 1181 1235 1224 1300 1310
108 132 163 984 1168 1184 1218 1202 1296 1308
109 170 165 978 2998 1188 1208 1216 1298 1293
106 134 164 1367 1883 1192 1220 1218 1304 1317
103 150 176 903 849 1193 1205 1207 1297 1314
97 131 168 993 1913 1194 1234 1215 1299 1306
105 134 157 890 1524 1188 1215 1218 1298 1291
105 133 169 1116 1171 1189 1217 1230 1297 1340
103 127 168 1350 962 1191 1238 1213 1304 1320
109 131 180 1070 1154 1187 1214 1205 1296 1309
104 142 170 903 1168 1189 1221 1228 1296 1315
103 135 159 858 1451 1179 1214 1216 1297 1306
109 133 159 911 2883 1186 1219 1212 1296 1285
104 131 168 1048 1108 1181 1234 1216 1298 1350
103 143 157 892 1773 1190 1207 1233 1298 1297
103 134 257 958 1254 1187 1240 1222 1300 1348
117 149 162 2361 4095 1178 1214 1225 1308 1287
104 134 183 478 1481 1178 1214 1203 1296 1344
100 137 158 479 1263 1181 1210 1200 1297 1306
115 149 168 1013 3706 1182 1211 1222 1297 1311
104 128 170 1041 787 1184 1214 1212 1297 1379
105 133 167 610 1862 1184 1211 1206 1296 1315
91 133 173 1027 1383 1193 1227 1217 1297 1332
103 137 157 806 1166 1188 1213 1220 1297 1343
98 159 158 241 4095 1144 1172 1184 449 1425
102 136 142 864 1356 1185 1233 1226 1297 1315
99 132 222 911 1716 1180 1215 1217 1297 163
114 127 175 941 1779 1190 1237 1227 1299 1327
104 136 157 1194 1326 1178 1226 1221 1297 1328
104 126 170 966 761 1180 1221 1210 1297 1357
107 134 156 914 2591 1188 1231 1229 1298 1287
0 131 129 868 1515 1190 1214 1237 1297 1314
103 129 173 308 1424 1166 1213 1198 1296 1304
101 129 161 920 760 1195 1222 1209 1297 1343
104 127 165 961 1133 1186 1235 1214 1299 1297
104 128 147 1012 1070 1191 1226 1219 1297 1665
104 128 176 837 979 1180 1236 1223 1298 1308
103 146 176 848 1188 1193 1204 1211 1298 1347
104 131 145 1000 1077 1183 1216 1227 1296 1314
102 131 171 932 730 1203 1251 1224 1299 1332
102 127 178 930 625 1204 1218 1222 1296 1366
110 137 191 895 3327 1191 1221 1205 1297 1289
103 129 138 957 1265 1186 1214 1228 1296 1303
105 127 121 1362 1545 1201 1225 1239 1298 1317
104 132 216 1895 869 1214 1231 1218 1298 1323
110 129 164 960 1897 1194 1231 1230 1296 1331
103 138 149 971 905 1182 1216 1222 1296 1313
102 138 127 819 644 1205 1222 1274 1298 4095
104 138 168 894 816 1213 1224 1225 1298 1337
101 128 153 868 1285 1193 1245 1217 1299 1314
106 133 188 969 2210 1186 1214 1205 1297 1342
104 131 151 932 2083 1191 1216 1213 1298 1128
103 139 153 952 1250 1193 1219 1222 1298 1455
102 141 181 1044 776 1186 1208 1218 1297 4095
101 128 211 962 942 1185 1227 1210 1298 1319
101 153 193 1057 1015 1183 1209 1220 1297 1330
103 147 182 964 1310 1197 1207 1230 1298 1309
104 130 213 874 1317 1194 1224 1211 1298 1308
104 130 213 874 1317 1194 1224 1211 1298 1308
104 130 192 913 1555 1192 1237 1207 1298 1312
104 144 195 1056 1060 1182 1205 1205 1298 1323
103 134 146 965 990 1181 1235 1231 1297 1311
109 149 152 1144 2794 1175 1205 1219 1299 1052
104 138 164 915 1852 1186 1213 1218 1298 1343
104 159 155 1045 1578 1192 1216 1221 1298 1301
104 169 161 1138 706 1182 1207 1226 1296 1358
101 149 167 874 911 1170 1210 1214 1298 1329
101 133 167 1223 507 1211 1225 1218 1298 4095
99 129 243 924 2302 1188 1229 1208 1298 1323
103 133 175 912 1004 1210 1220 1217 1298 1405
109 163 165 965 2856 1194 1207 1216 1299 1168
78 127 168 977 1052 1184 1228 1205 1297 88
105 137 179 1237 1762 1185 1205 1214 1299 1300
102 131 153 1051 1285 1183 1220 1223 1296 1359
105 134 164 1270 1344 1183 1237 1219 1298 1318
109 135 163 666 2920 1184 1235 1204 1298 1289
104 126 159 984 1270 1192 1242 1219 1300 1325
104 131 167 871 1759 1180 1229 1222 1298 1310
102 137 175 719 1227 1173 1212 1211 1297 1307
103 143 157 1010 961 1189 1209 1226 1298 1327
103 126 160 1066 1129 1193 1230 1211 1297 1309
107 141 164 1614 1905 1178 1213 1224 1297 1315
104 126 182 1047 984 1186 1230 1207 1297 1299
104 130 139 1189 1107 1183 1227 1236 1298 1311
106 130 153 972 1869 1207 1240 1235 1300 1304
104 131 146 936 1675 1184 1228 1223 1298 1311
105 132 158 981 1626 1194 1222 1222 1297 1312
104 130 158 1094 1570 1186 1221 1220 1297 1297
103 132 160 1438 951 1199 1219 1223 1297 1322
101 140 159 950 1480 1181 1216 1214 1297 1317
105 153 188 478 2423 1181 1207 1206 1297 1290
103 159 164 892 1119 1181 1205 1223 1299 1316
112 136 164 1044 1143 1190 1230 1212 1297 1352
103 137 170 993 1039 1200 1225 1218 1298 1345
100 129 189 1012 2835 1191 1234 1214 1298 451
108 136 140 1308 2115 1186 1213 1235 1295 1306
103 154 152 911 1360 1182 1211 1227 1297 1307
112 154 162 1818 3000 1191 1305 1213 1299 1325
76 133 167 1073 617 1184 1214 1213 1298 1307
106 134 176 631 2297 1195 1262 1216 1300 1409
102 133 163 804 552 1186 1222 1207 1297 1339
106 126 151 800 1149 1187 1232 1226 1297 1320
105 132 153 1053 1151 1192 1239 1221 1300 1356
103 136 358 1047 1145 1192 1214 1224 1297 1328
107 130 188 957 2029 1190 1264 1215 1297 1325
102 123 153 1081 698 1184 1235 1228 1298 1327
108 173 165 927 2393 1183 1203 1217 1299 1310
126 180 165 1543 3379 1181 1210 1222 1298 1305
105 130 246 949 1638 1186 1228 1206 1296 1312
104 129 180 1256 1390 1194 1243 1217 1300 1316
104 129 153 1011 1291 1186 1235 1224 1298 1303
104 132 164 1142 987 1190 1225 1215 1298 1330
104 142 147 1122 3094 1192 1213 1236 1298 1294
102 133 142 1167 680 1184 1236 1227 1298 4095
105 146 140 959 1459 1184 1211 1217 1297 1303
103 131 169 1381 701 1182 1221 1217 1297 1329
102 133 239 1005 607 1197 1219 1218 1298 4095
114 134 178 965 4095 1180 1230 1218 1298 1408
104 131 169 1109 1274 1182 1219 1217 1296 1297
106 134 166 1455 1623 1202 1223 1219 1298 1319
104 130 144 975 1268 1190 1250 1216 1298 1300
106 137 191 1053 1639 1185 1231 1225 1297 1320
103 131 196 1048 848 1206 1239 1219 1299 1320
105 136 204 1082 1905 1187 1211 1221 1297 1309
102 128 156 1381 366 1187 1238 1219 1298 4095
104 130 174 973 1359 1178 1208 1208 1297 1299
108 160 173 1110 1203 1177 1208 1216 1298 1306
103 140 155 1218 916 1190 1216 1216 1297 1312
103 141 152 986 889 1200 1218 1227 1297 1330
104 133 156 842 1196 1180 1214 1220 1298 1296
103 130 168 976 1077 1191 1219 1219 1298 1342
105 132 170 987 2167 1181 1237 1216 1299 1325
107 167 161 1170 2367 1185 1210 1224 1296 1298
103 139 193 816 1084 1178 1225 1218 1297 1354
103 133 169 1137 1189 1195 1215 1220 1297 1304
104 134 165 1030 2174 1175 1219 1212 1295 1304
105 142 123 1580 1115 1190 1221 1220 1296 1338
105 150 162 820 3600 1181 1211 1220 1297 1306
102 137 167 1247 873 1198 1217 1227 1297 4095
106 135 163 966 2245 1201 1224 1218 1297 1141
103 126 173 1002 855 1185 1224 1208 1297 1312
106 135 176 516 2751 1178 1222 1203 1296 1037
110 130 184 1028 3115 1189 1225 1211 1296 1303
106 133 154 1336 1348 1192 1216 1233 1297 1323
96 131 170 880 785 1183 1226 1216 1298 1327
105 132 168 899 1158 1185 1230 1223 1297 1309
103 130 177 1539 910 1190 1222 1220 1297 1309
104 131 144 988 2038 1186 1237 1227 1298 1306
103 157 149 921 1277 1182 1205 1207 1298 1310
103 133 194 1230 1322 1186 1217 1215 1298 1299
106 131 176 1640 1755 1191 1219 1213 1299 775
108 185 154 411 3303 1189 1192 1218 1298 1276
102 142 148 906 845 1175 1210 1215 1297 4095
106 135 168 1499 1457 1186 1214 1226 1297 1358
104 145 116 474 1360 1182 1201 1233 1298 1320
103 191 157 928 980 1184 1203 1245 1298 1327
105 127 160 1270 2134 1198 1233 1220 1297 1301
104 130 175 1007 1556 1202 1225 1216 1297 1305
101 132 176 913 565 1183 1217 1217 1297 4095
100 132 157 1056 848 1192 1226 1210 1297 4095
104 162 157 1029 1118 1181 1209 1224 1298 1353
102 132 250 946 685 1197 1217 1210 1297 1340
103 131 171 796 1276 1193 1215 1208 1296 1302
122 129 152 1049 863 1179 1232 1224 1297 1336
100 134 170 1288 924 1191 1219 1215 1297 4095
103 132 160 1022 1083 1185 1232 1220 1298 1308
102 130 144 1162 1488 1182 1233 1230 1297 1310
102 133 169 958 904 1184 1233 1219 1298 1334
103 129 240 976 880 1203 1223 1223 1297 1322
102 131 156 1075 501 1177 1250 1220 1299 4095
103 128 158 958 1026 1196 1223 1236 1297 1321
88 127 166 888 1833 1185 1232 1216 1297 282
102 129 149 958 1035 1191 1233 1227 1297 1307
107 149 149 2375 1532 1199 1224 1219 1298 1444
101 134 176 183 1194 1141 1166 1164 1299 1269
101 135 184 1071 2147 1189 1216 1217 1297 1297
102 134 196 910 790 1207 1210 1216 1298 1315
104 130 162 1007 1010 1188 1230 1212 1298 1352
103 131 156 826 1214 1188 1217 1218 1297 1316
99 143 167 984 1179 1201 1212 1217 1299 1305
103 140 151 938 1284 1188 1222 1224 1297 1337
116 148 155 1573 4095 1200 1216 1238 1297 1302
104 142 164 928 1392 1191 1215 1214 1298 1304
102 129 162 878 556 1201 1362 1225 1301 4095
109 133 214 966 3238 1111 1154 1320 1226 1249
106 143 162 299 2427 1175 1196 1203 1298 1297
94 135 157 909 808 1185 1209 1225 1298 0
104 134 160 1013 1198 1191 1221 1227 1297 1374
103 130 159 1051 713 1194 1238 1222 1300 1342
103 132 161 909 966 1185 1232 1226 1298 1305
104 130 208 936 1022 1192 1213 1209 1297 1327
104 131 189 1162 1409 1191 1228 1210 1297 1308
106 131 167 1027 1790 1182 1239 1233 1299 1303
105 154 155 1380 1061 1176 1207 1218 1299 1332
101 134 168 829 839 1183 1221 1202 1296 1299
86 128 174 135 2282 1286 1323 1318 1283 2619
104 133 155 1091 1383 1177 1237 1229 1299 1314
103 139 169 856 1194 1192 1213 1211 1296 1347
104 156 219 1249 807 1177 1209 1211 1298 1310
102 141 151 925 731 1183 1215 1221 1298 1358
113 132 161 1023 1584 1189 1217 1218 1296 1323
109 130 142 1596 2131 1198 1217 1220 1297 1298
107 129 159 872 1348 1196 1221 1222 1298 1294
105 141 149 974 1587 1179 1217 1221 1296 1321
103 145 161 1060 931 1181 1206 1226 1298 1320
102 135 149 1250 1471 1194 1235 1226 1298 1318
105 136 155 1099 1549 1176 1215 1218 1297 1304
103 130 303 1085 909 1184 1220 1206 1297 1355
108 130 204 924 516 1189 1217 1206 1297 4095
102 135 162 924 1829 1185 1216 1217 1296 1351
101 131 182 1007 607 1194 1215 1209 1297 4095
110 129 189 1107 2981 1189 1213 1207 1296 1292
104 128 176 898 1481 1185 1217 1209 1296 1311
104 141 207 1100 1125 1191 1208 1215 1298 1321
104 130 201 1002 2195 1184 1221 1207 1297 1580
108 133 178 1038 3581 1184 1229 1220 1298 791
104 127 195 1153 1411 1183 1224 1214 1296 1314
106 128 167 1015 2142 1177 1221 1222 1297 704
99 135 181 856 648 1191 1218 1221 1297 204
104 130 174 1100 1234 1192 1227 1226 1298 1317
103 132 185 982 1165 1190 1235 1211 1298 1310
102 131 159 996 911 1186 1219 1229 1297 4095
104 149 152 911 1390 1180 1205 1216 1298 1300
103 134 169 997 1141 1177 1229 1211 1298 1320
108 138 178 1097 2385 1203 1219 1218 1297 1329
102 127 144 1075 650 1189 1226 1237 1298 4095
106 132 190 808 2160 1182 1217 1202 1296 1290
92 135 161 1123 1480 1191 1233 1212 1299 1309
104 136 177 953 1164 1191 1225 1220 1296 1436
102 130 221 1010 1009 1184 1216 1212 1296 1294
102 132 151 894 826 1192 1230 1233 1298 1320
104 129 144 942 1129 1181 1226 1225 1297 1311
103 129 193 1006 826 1189 1227 1217 1297 1336
104 134 160 1014 1206 1186 1211 1209 1298 1704
103 135 158 1243 1081 1184 1225 1225 1298 1331
104 136 165 990 1179 1183 1210 1225 1297 4095
105 140 169 1030 1889 1193 1218 1212 1298 1306
105 133 178 1016 1384 1184 1247 1209 1299 1350
103 149 176 1114 1063 1190 1208 1211 1298 1323
92 126 160 1048 1389 1193 1231 1212 1297 34
103 169 198 806 1745 1193 1216 1210 1297 1316
103 147 162 859 1101 1176 1204 1204 1298 1306
104 129 165 970 1066 1183 1233 1206 1297 1308
101 131 167 937 1053 1191 1216 1218 1298 1324
103 128 164 922 1102 1191 1233 1219 1299 1320
100 131 137 264 1295 1268 760 1319 815 830
101 132 163 923 3323 1185 1235 1219 1297 0
114 191 151 1389 4082 1180 1206 1219 1297 1289
105 128 148 1276 1808 1208 1217 1227 1298 1294
98 135 172 1281 989 1203 1225 1221 1298 1330
107 135 211 938 1646 1185 1223 1218 1297 1304
95 166 165 906 1648 1183 1207 1220 1297 1304
105 130 131 1243 879 1204 1230 1223 1298 1343
103 139 163 993 1075 1186 1210 1223 1298 1358
103 131 161 946 1536 1184 1227 1222 1298 1341
103 139 155 924 1181 1187 1217 1217 1298 1318
107 132 169 2074 1392 1198 1221 1219 1297 1321
106 141 186 1163 2055 1188 1216 1218 1297 1303
103 133 172 916 1615 1185 1226 1227 1296 1306
107 135 156 1468 2032 1198 1216 1210 1298 1313
104 132 169 779 1031 1182 1220 1206 1297 1303
105 132 180 1236 1608 1202 1225 1212 1298 1303
104 137 162 881 1031 1183 1229 1225 1297 1334
104 131 184 948 1206 1183 1222 1227 1297 1392
104 131 130 1286 1028 1181 1215 1227 1296 1502
103 131 174 388 2291 1176 1199 1193 1297 1291
104 138 160 904 1611 1182 1216 1215 1298 1410
101 139 156 970 786 1180 1217 1226 1297 1314
96 129 176 1085 852 1190 1221 1216 1297 1323
100 145 169 919 2425 0 1214 1215 1298 1296
102 132 199 912 1130 1189 1219 1214 1296 1316
104 126 149 886 1344 1179 1213 1222 1296 1299
103 144 180 957 1205 1195 1211 1226 1297 1334
104 164 158 1086 1333 1183 333 1219 1298 1304
106 124 167 801 1785 1185 1214 1210 1298 1302
105 132 154 922 1455 1190 1227 1215 1298 1320
106 128 183 985 1606 1181 1221 1214 1297 1320
109 128 177 1797 1374 1190 1216 1221 1297 4095
105 149 177 1389 1233 1190 1206 1218 1298 1320
102 138 213 353 792 1175 1206 1209 1297 1362
104 142 165 960 1500 1184 1213 1209 1297 1305
102 126 182 706 747 1163 1219 1202 1296 1327
101 132 158 921 537 1190 1216 1217 1296 4095
104 134 169 973 1628 1183 1216 1218 1297 1311
106 147 177 942 1987 1195 1212 1213 1297 1405
104 129 142 1022 1191 1194 1224 1230 1297 1344
103 125 145 995 2339 1185 1217 1229 1297 1306
101 129 161 921 570 1187 1232 1221 1297 4095
97 140 126 1054 1319 1185 1216 1239 1297 1339
109 140 163 1074 2826 1187 1219 1223 1297 1312
97 126 149 1408 1107 1187 1217 1229 1297 94
112 160 201 854 4095 1180 1216 1220 1298 1275
104 145 259 1429 1326 1186 1215 1218 1297 1308
103 151 142 555 1005 1180 1203 1205 1298 1310
104 130 153 343 1646 1180 1227 1221 1297 1296
115 141 187 920 3860 1296 1207 1316 1283 1303
102 129 246 1144 911 1194 1239 1207 1299 1408
110 139 156 1082 723 1186 1215 1227 1296 4095
102 130 194 815 1458 1193 1238 1214 1299 1334
102 131 174 905 812 1193 1244 1219 1299 1366
102 130 171 1036 1438 1184 1249 1219 1299 1316
104 130 159 1383 1034 1199 1234 1222 1299 1348
109 153 219 934 3252 1181 1207 1214 1298 1283
106 127 281 1082 1434 1187 1218 1209 1296 1286
104 133 172 1038 1347 1183 1219 1217 1297 1310
103 151 141 982 1251 1188 1205 1224 1298 1298
106 174 154 1478 1759 1000 1023 1034 1300 1148
105 130 217 976 1389 1182 1225 1212 1298 1307
103 136 164 877 864 1182 1214 1221 1297 1333
117 142 156 1006 616 1190 1207 1224 1298 1343
106 135 151 971 2507 1188 1217 1221 1297 811
103 128 164 1224 816 1185 1249 1214 1299 1396
104 135 199 1047 1013 1190 1227 1211 1297 1351
106 133 181 1624 1568 1197 1224 1218 1298 1310
105 131 175 842 1583 1191 1212 1206 1297 1306
92 129 157 1518 1742 1187 1230 1227 0 0
103 135 221 1102 1021 1186 1222 1207 1296 1335
103 131 291 679 1064 1181 1220 1205 1296 4095
103 129 172 830 1215 1200 1230 1216 1298 1370
104 132 156 1063 1357 1183 1220 1226 1297 1313
103 149 152 891 1114 1190 1208 1221 1298 1314
103 138 154 1154 1209 1193 1223 1217 1298 1309
102 129 154 1043 736 1193 1220 1219 1297 1332
114 135 200 1054 3983 1193 1223 1217 1297 1300
103 125 159 790 1243 1188 1227 1215 1298 1300
107 136 163 1189 2051 1185 1227 1230 1299 1287
108 133 189 1229 2512 1191 1233 1206 1298 1294
102 131 154 1175 817 1197 1223 1225 1297 4095
105 135 160 1005 2039 1187 1225 1211 1298 792
103 127 172 991 1272 1179 1223 1225 1297 1305
106 129 169 1416 693 1189 1232 1222 1296 4095
109 128 193 851 3197 1195 1224 1212 1298 1317
139 114 155 898 2010 1187 1215 1213 1297 1298
104 159 171 1094 1307 1199 1234 1223 1298 1359
103 135 176 641 1271 1188 1221 1218 1297 1312
103 131 168 1100 960 1189 1221 1218 1297 1317
103 126 216 938 1150 1189 1244 1211 1298 1331
107 145 167 1156 1769 1189 1215 1223 1297 1318
101 132 180 559 835 1175 1222 1202 1296 1319
111 210 235 737 4095 1183 1201 1229 1298 1294
106 133 173 1025 1618 1191 1224 1221 1298 1424
105 133 162 1040 1482 1192 1210 1226 1298 1316
102 186 170 1052 4095 1186 1205 1215 1299 1307
103 129 146 1104 1120 1190 1217 1227 1297 1315
100 151 311 994 762 1189 1211 1204 1297 1345
105 141 159 1583 1271 1198 1220 1222 1297 1311
103 140 152 993 1044 1177 1207 1213 1297 1329
109 150 159 1044 1615 1191 1209 1214 1298 1313
101 136 171 923 671 1188 1245 1224 1300 1329
107 137 315 1142 2469 1191 1225 1209 1298 1318
103 138 213 925 993 1195 1208 1208 1298 1306
104 131 165 939 1727 1191 1242 1217 1299 1300
106 131 160 1119 1834 1181 1227 1219 1298 1300
101 127 143 997 819 1188 1232 1244 1298 1323
105 147 164 1059 1512 1196 1216 1223 1297 1297
101 132 167 1006 1215 1178 1230 1213 1297 1447
103 129 178 1322 1955 1182 1217 1224 1297 1323
105 146 160 1282 1747 1181 1212 1215 1298 1418
102 135 158 764 918 1192 1217 1216 1297 4095
104 127 165 989 1388 1179 1224 1218 1297 1311
103 136 151 1340 684 1184 1210 1235 1297 4095
108 132 171 870 2564 1180 1231 1222 1297 1313
103 137 163 1506 710 1186 1221 1222 1297 4095
110 134 168 985 3206 1190 1223 1212 1297 1308
108 130 225 1328 1825 1192 1220 1206 1297 1303
110 131 177 973 1774 1175 1219 1208 1297 1299
109 157 187 865 2664 1186 1205 1208 1298 1297
110 133 195 977 3899 1181 1226 1208 1298 1292
104 134 164 954 1847 1179 1220 1207 1296 1307
106 134 124 1235 2826 1190 1227 1256 1298 1419
110 134 167 1053 3147 1179 1217 1223 1296 1287
104 140 155 1139 1045 1191 1218 1219 1297 1340
103 128 165 994 1406 1180 1223 1216 1298 1299
103 128 185 814 1156 1192 1223 1211 1298 1300
103 131 157 1283 883 1185 1228 1224 1298 1315
103 127 154 1531 1086 1186 1237 1229 1298 1334
102 129 165 1047 634 1197 1226 1219 1297 1313
103 129 156 937 1192 1184 1229 1225 1298 1296
105 133 183 1309 963 1190 1223 1212 1296 1310
103 142 146 775 1882 1186 1214 1225 1297 631
124 129 166 1011 866 1186 1239 1224 1299 1374
104 140 255 1248 958 1210 1219 1215 1299 1313
107 131 166 931 1607 1181 1242 1220 1299 1301
104 138 168 953 1415 1187 1218 1223 1297 1320
92 127 162 977 974 1198 1233 1219 1298 0
107 138 172 839 2983 1196 1222 1219 1296 1328
109 135 172 1089 2781 1192 1237 1216 1299 1310
106 154 169 1677 1761 1184 1213 1226 1298 1305
104 134 154 1339 1237 1186 1222 1232 1297 1307
104 132 155 1234 1162 1190 1222 1217 1298 1361
107 131 167 926 564 1181 1215 1221 1296 4095
105 127 150 914 1538 1195 1222 1220 1298 1310
103 133 157 908 1772 1179 1217 1231 1297 2998
97 146 164 1039 1672 1191 1203 1221 1299 1326
108 133 194 1932 1522 1195 1222 1219 1297 1308
102 140 159 677 1060 1189 1219 1220 1298 1305
104 134 192 999 1191 1188 1236 1209 1299 1320
100 136 160 988 505 1198 1219 1221 1296 4095
105 132 173 844 1481 1176 1240 1214 1300 1292
101 129 150 1358 557 1193 1259 1221 1300 4095
104 137 151 925 2274 1189 1214 1217 1296 1311
99 131 159 916 1615 1173 1217 1214 1297 1306
104 127 154 1137 1203 1194 1228 1213 1297 1313
104 137 143 1013 1268 1186 1219 1216 1297 1309
104 127 170 891 981 1183 1248 1220 1299 1337
100 126 167 883 553 1185 1222 1210 1297 4095
104 133 152 1038 1049 1187 1226 1228 1298 1329
104 132 130 1006 1251 1194 1222 4095 1297 1316
104 128 151 1031 2073 1196 1214 1222 1297 1296
111 136 154 974 3359 1187 1220 1215 1298 1284
103 131 166 923 1538 1185 1220 1211 1297 1306
103 127 162 913 914 1182 1225 1226 1297 1544
102 130 165 913 594 1175 1218 1207 1296 1374
101 128 170 1170 850 1185 1249 1222 1299 1462
100 135 198 420 729 1179 1203 1200 1297 1372
107 137 182 1316 1438 1191 1274 1218 1300 1312
105 129 156 938 1431 1195 1225 1219 1296 1297
105 140 159 1138 2277 990 1219 1017 1298 1144
106 134 171 1029 1911 1184 1220 1221 1296 1325
103 135 154 1102 1187 1194 1219 1225 1297 1942
104 142 159 1037 968 1182 1214 1229 1297 1402
104 136 163 1021 1228 1183 1217 1216 1298 1341
103 168 204 953 1203 1187 1207 1218 1298 1310
104 132 187 882 1258 1199 1226 1213 1298 1318
102 134 155 921 963 1191 1214 1214 1297 1312
122 137 171 1735 4095 1048 1308 1319 1147 1179
102 127 179 1127 1208 1192 1231 1219 1298 1368
105 192 199 909 1704 1182 1203 1211 1298 1302
102 133 149 979 1179 1183 1224 1241 1297 1333
110 138 171 902 3305 1186 1220 1222 1296 1286
102 131 198 927 835 1180 1229 1204 1296 1366
103 130 152 1135 1063 1192 1221 1229 1297 1327
108 136 429 2003 1908 1188 1213 1197 1297 1319
104 129 155 1068 1099 1182 1232 1226 1298 1356
104 131 166 1036 1275 1185 1223 1223 1288 1306
90 155 165 858 1501 1178 1203 1226 1298 0
105 132 261 1691 1158 1221 1250 1210 1299 1363
114 141 198 870 1496 1187 1211 1204 1296 1334
105 150 204 906 998 1189 1206 1209 1298 1322
102 123 165 880 703 1191 1230 1218 1298 1334
103 138 164 957 1086 1188 1219 1215 1298 1331
105 141 213 1710 1244 1194 1217 1215 1297 1317
103 127 166 1010 977 1191 1239 1219 1300 1320
114 139 169 1153 575 1191 1217 1210 1297 4095
106 140 168 1264 1521 1200 1214 1216 1297 1308
107 130 170 1238 1344 1198 1238 1224 1298 1318
103 135 174 1096 1306 1178 1223 1210 1295 1302
105 135 159 928 1604 1183 1230 1219 1298 1409
102 130 184 767 2093 1186 1227 1222 1298 1357
92 129 177 1343 1200 1187 1216 1216 1296 1312
104 133 155 1026 1065 1187 1216 1234 1297 1313
102 136 203 908 2980 1196 1213 1215 1298 1307
103 133 164 1044 2577 1189 1222 1217 1297 4007
103 132 197 996 1006 1182 1228 1220 1297 1331
111 153 141 848 3355 1186 1209 1223 1298 1290
103 178 218 156 2174 1168 1184 1195 1300 1283
102 131 134 953 711 1181 1234 1223 1298 1324
101 145 162 925 734 1186 1215 1227 1297 1329
103 138 152 1134 1344 1184 1225 1225 1299 1320
106 137 162 854 4095 1183 1215 1231 1296 1298
104 132 155 1255 995 1179 1237 1225 1298 1347
105 154 154 1103 1207 1194 1210 1212 1299 1344
105 142 144 991 1937 1186 1213 1225 1297 1296
99 129 125 536 1249 1173 1231 1259 1298 1314
102 127 182 1071 1920 1185 1224 1206 1297 1417
102 132 146 945 859 1187 1215 1227 1297 1298
109 133 168 996 3539 1182 1214 1211 1297 1292
102 132 152 1063 925 1190 1227 1220 1297 1317
103 131 152 1122 901 1184 1233 1225 1299 4095
101 142 182 943 1427 1195 1210 1218 1297 1350
104 132 208 1130 952 1181 1262 1218 1299 1335
105 137 158 1311 1222 1197 1247 1214 1299 1320
103 130 202 536 1157 1186 1223 1217 1297 1327
104 127 173 996 1333 1190 1217 1225 1298 1334
106 131 150 1077 3091 1192 1241 1230 1298 1307
106 133 189 1118 1969 1186 1227 1214 1298 1297
102 157 160 845 974 1181 1208 1226 1297 1298
103 135 167 816 1638 1197 1218 1215 1298 1342
103 133 173 997 1087 1194 1226 1211 1298 1322
108 133 161 982 1342 1181 1216 1217 1296 1311
104 132 159 985 1275 1194 1222 1218 1297 1330
111 171 173 1123 2519 1184 1200 1226 1298 1273
101 128 169 915 838 1191 1218 1209 1297 1374
102 130 173 835 806 1191 1228 1210 1298 1392
107 127 152 1024 875 1184 1241 1223 1296 1336
101 125 160 609 972 1179 1214 1221 1297 1308
104 132 232 1704 908 1194 1230 1221 1299 1366
103 127 166 1077 903 1188 1232 1216 1290 1308
106 134 158 826 2501 1187 1219 1207 1297 745
111 142 192 1102 1779 1279 1310 1320 374 420
102 149 204 872 986 1198 1211 1208 1298 1356
118 153 161 1315 4095 1186 1209 1220 1298 1294
107 135 187 977 2821 1189 1245 1216 1299 948
121 148 162 1106 4095 1188 1215 1228 1297 1297
103 133 181 854 1289 1193 1218 1205 1297 1308
99 130 170 1215 1629 1193 1223 1229 1298 606
105 131 155 991 1637 1174 1207 1228 1298 1322
110 149 180 805 2809 1184 1211 1214 1297 1302
103 129 194 1108 1017 1186 1217 1210 1296 1307
104 144 179 812 1427 1210 1205 1211 1298 1421
101 127 166 1059 565 1182 1222 1212 1298 4095
105 132 162 1112 1557 1190 1229 1231 1297 1304
106 157 156 1150 1560 1208 1205 1223 1299 1331
101 127 186 263 2156 1175 1196 1204 1298 1290
103 136 162 799 1192 1182 1222 1217 1297 1405
108 132 154 1623 2167 1190 1251 1236 1298 1340
104 145 180 1276 950 1190 1211 1214 1299 1329
101 139 162 923 778 1190 1216 1215 1298 1352
108 141 198 1275 2921 1183 1217 1212 1296 1317
105 150 199 1528 1207 1187 1211 1216 1296 1327
104 133 157 1017 931 1186 1217 1215 1297 1327
120 207 160 1585 4095 1185 1206 1222 1297 1290
99 122 168 1116 632 1198 1220 1223 1297 4095
103 129 161 944 1139 1197 1225 1224 1297 1341
110 133 153 1037 1298 1188 1216 1219 1297 1304
140 181 154 921 1162 1190 1204 1212 1298 0
96 135 178 874 853 1188 1231 1227 1299 1346
105 128 149 988 1870 1182 1212 1215 1296 1305
104 145 150 946 1410 1180 1211 1225 1295 1310
108 132 157 1035 2459 1185 1215 1209 1296 1322
115 136 171 1058 4095 1186 1226 1226 1297 1412
101 128 179 650 793 1195 1229 1216 1298 4095
111 132 161 995 3303 1200 1235 1223 1299 1437
106 133 154 1060 1550 1191 1228 1231 1296 1423
99 132 150 1026 760 1191 1222 1220 1298 410
105 129 179 950 1471 1190 1229 1211 1298 1309
108 135 157 1382 438 1191 1212 1230 1297 4095
104 127 157 884 867 1200 1218 1223 1298 1328
109 132 159 918 2788 1189 1209 1218 1298 1312
103 130 167 1014 898 1191 1231 1214 1298 1346
103 135 177 1021 903 1182 1214 1220 1298 1327
105 135 191 1082 1577 1189 1216 1217 1297 1330
103 129 170 549 677 1178 1209 1206 1297 4095
106 138 203 1973 1139 1192 1214 1217 1296 1311
101 127 193 857 572 1191 1229 1218 1299 4095
104 132 152 931 952 1197 1249 1214 1300 4095
104 143 181 964 1431 1182 1212 1214 1297 1326
101 132 156 1084 553 1192 1218 1224 1297 4095
110 134 143 917 3171 1182 1214 1233 1297 1277
104 145 175 837 1352 1176 1209 1211 1297 1298
103 130 175 1225 1353 1192 1226 1217 1297 1312
102 128 205 886 1126 1185 1224 1207 1298 1299
104 169 147 1009 1466 1184 1202 1223 1299 1305
102 130 165 871 953 1185 1228 1212 1297 1330
107 133 165 1626 1215 1196 1224 1215 1297 1325
104 132 157 839 1467 1195 1228 1217 1298 1327
108 143 173 1335 2233 1180 1208 1209 1298 1296
111 163 189 1261 2838 1189 1206 1216 1298 1307
103 159 190 1144 1722 427 1210 459 1298 570
101 150 173 914 1441 1189 1210 1215 1298 1321
103 136 175 628 1032 1196 1216 1209 1297 1305
105 133 158 945 1545 1197 1241 1226 1299 1308
103 131 153 857 809 1189 1220 1219 1297 1367
103 130 154 839 1084 1188 1236 1216 1298 1329
103 132 168 887 1382 1181 1219 1206 1297 1348
104 183 154 1434 824 1194 1205 1242 1299 1531
103 166 163 971 1078 1182 1205 1215 1298 1322
107 130 152 932 2023 1184 1241 1219 1299 1313
102 131 175 454 900 1180 1214 1202 1295 1304
103 173 173 1128 868 1202 1200 1219 1300 4095
104 176 154 882 1342 1190 1204 1225 1297 1284
104 132 157 1140 1359 1193 1213 1230 1297 1308
104 129 146 1106 1278 1186 1234 1213 1298 1316
104 153 159 857 1506 1187 1207 1215 1298 1296
107 149 154 1546 1786 1187 1214 1215 1297 1321
104 131 161 1128 1012 1198 1219 1222 1295 1320
104 143 406 2058 2740 1186 1216 1222 1296 1299
110 133 165 905 3398 1139 1223 1219 1299 1273
104 129 155 974 1124 1178 1228 1225 1297 1300
103 132 186 953 1191 1184 1220 1216 1298 1314
105 134 189 1202 1511 1186 1222 1220 1302 1327
106 135 159 1196 1458 1183 1218 1233 1298 1311
106 139 141 1017 1838 1193 1221 1245 1297 1310
104 128 144 1397 1201 1198 1232 1225 1298 1315
104 129 162 945 1236 1184 1222 1223 1296 1326
125 174 170 1016 756 1192 1212 1222 1296 1336
109 134 172 1252 3011 1189 1216 1214 1297 1298
103 134 172 815 1350 1190 1221 1221 1297 1310
108 134 149 917 1130 1189 1216 1223 1297 1339
106 130 169 1085 1797 1191 1229 1220 1297 1304
103 129 211 783 1358 1181 1235 1204 1297 1296
121 132 159 1013 1108 1179 1221 1225 1297 1321
105 145 172 1147 2583 1188 1214 1211 1297 1426
102 132 164 1121 473 1186 1217 1220 1296 4095
104 134 170 971 2199 1184 1214 1215 1297 1341
102 132 164 911 937 1182 1219 1214 1296 1334
106 157 167 2220 1224 1195 1217 1213 1296 1310
105 126 182 957 1548 1183 1226 1228 1298 1302
113 131 168 821 2913 1196 1220 1210 1296 1294
108 151 160 1126 709 1190 1221 1220 1288 1313
107 135 194 679 1414 1174 1206 1211 1297 1302
102 129 173 1167 2021 1182 1222 1227 1296 1308
106 129 173 1688 1724 1189 1239 1215 1298 1321
105 131 181 826 1144 1204 1226 1218 1299 1312
100 135 175 985 1280 1192 1221 1208 1296 545
104 142 160 956 1020 1202 1218 1223 1298 1324
105 134 174 1203 1412 1186 1211 1210 1297 1327
112 136 144 866 3782 1184 1237 1228 1299 1290
103 129 166 991 912 1192 1257 1227 1298 1326
104 128 214 180 1549 1167 1227 1186 1297 1297
105 160 159 1051 1527 1189 1208 1224 1297 1310
105 132 300 1320 1322 1188 1224 1205 1297 1306
104 138 188 1046 1367 1198 1212 1209 1297 1277
104 133 115 1020 1016 1180 1219 1240 1296 1302
102 127 154 1028 482 1192 1223 1213 1297 4095
104 129 165 283 1613 1198 1217 1212 1298 1304
108 130 132 2472 1598 1187 1243 1232 1297 1295
105 138 211 1293 2043 1192 1214 1209 1297 1306
112 158 165 1964 2607 1190 1237 1225 1291 1324
102 132 158 776 834 1187 1221 1224 1296 1332
110 132 230 2046 2336 1196 1224 1217 1298 1304
103 130 162 1757 1130 1186 1255 1225 1299 1308
106 146 160 1642 1523 1203 1209 1227 1300 1303
104 132 143 1046 1235 1196 1220 1221 1296 1317
106 160 164 1211 1699 1188 1216 1217 1297 1325
106 132 248 902 2122 1185 1236 1211 1298 1376
103 137 115 1128 1714 841 879 870 1300 981
104 130 148 1016 1403 1192 1223 1222 1297 1310
102 152 135 1020 1149 1188 1211 1228 1297 4095
106 134 244 1392 1517 1187 1227 1212 1294 1409
103 132 154 1077 833 1189 1220 1219 1297 1313
102 132 162 372 821 1189 1209 1212 1298 4095
103 136 176 919 1497 1181 1216 1221 1296 1309
103 134 171 952 1041 1199 1222 1206 1297 1345
104 129 170 1044 1636 1183 1226 1208 1297 1309
103 149 156 971 793 1181 1208 1212 1298 1329
103 134 164 1012 1318 1189 1214 1211 1298 1308
105 143 174 1408 1395 1189 1218 1215 1297 1304
108 144 151 916 2705 1181 1215 1217 1298 1308
103 132 123 660 1581 1200 1239 1243 1299 1299
103 140 173 1241 781 1189 1219 1220 1299 1346
109 132 207 937 2804 1184 1234 1210 1298 1301
105 144 141 1941 719 1193 1213 1231 1297 4095
103 132 161 1086 1238 1198 1230 1220 1298 1330
106 133 162 1297 1826 1191 1211 1217 1298 1300
107 138 200 1402 2023 1191 1219 1212 1297 1328
106 143 151 1062 1911 1191 1222 1215 1297 1303
104 133 149 904 1515 1201 1230 1248 1299 1317
103 136 152 1031 1270 1192 1223 1232 1297 1312
103 139 184 941 1112 1193 1225 1219 1297 1356
109 135 162 2170 1945 1192 1233 1224 1298 1304
103 131 154 1173 1255 1197 1259 1218 1299 1303
104 131 177 1260 1102 1194 1225 1219 1297 1312
104 127 183 934 1332 1194 1221 1210 1297 1324
101 132 161 1037 1160 1183 1227 1216 1297 1305
104 133 166 957 1284 1186 1217 1222 1298 1429
105 144 220 1127 1323 1184 1213 1206 1297 1299
104 163 144 1030 1390 1185 1206 1220 1298 1304
105 141 162 1138 1670 1185 1221 1219 1297 1325
104 129 229 1123 1309 1178 1212 1213 1297 1307
109 129 159 874 1712 1182 1216 1226 1297 1354
105 182 175 1160 4095 1185 1203 54 1298 155
103 125 176 1212 1091 1193 1242 1213 1300 1370
103 129 149 1013 872 1187 1223 1229 1297 1319
102 132 161 819 803 1186 1221 1216 1297 1312
105 129 160 1070 1576 1185 1234 1225 1298 1303
103 127 175 480 1252 1178 1217 1216 1294 1300
104 137 187 965 2086 1177 1207 1208 1298 1298
104 132 164 1086 1124 1191 1216 1211 1297 1319
102 126 155 536 796 1194 1238 1211 1299 1305
102 133 172 1220 1061 1188 1212 1219 1297 1319
102 128 165 796 1394 1175 1233 1208 1298 1294
110 134 161 931 4095 1181 1228 1221 1297 2122
106 150 164 891 2193 1191 1211 1218 1299 1295
102 130 182 872 961 1188 1230 1214 1298 1314
102 146 174 978 723 1183 1210 1226 1297 1409
105 141 238 1074 1405 1177 1225 1218 1297 1303
101 139 203 1086 412 1179 1213 1213 1297 4095
104 131 175 1507 2585 1192 1216 1223 1297 1319
101 128 159 972 1839 1179 1229 1220 1298 1402
104 130 170 1111 1250 1215 1223 1217 1298 1307
107 149 187 535 2693 1176 1196 1201 1298 1290
103 136 150 986 1509 1182 1214 1224 1297 1302
103 135 166 844 1249 1193 1217 1210 1297 1315
103 136 153 905 842 1206 1216 1219 1299 1325
102 128 151 869 731 1206 1218 1220 1298 1399
99 133 156 879 1030 1167 1222 1219 1298 1399
106 129 184 996 2095 1193 1224 1210 1296 1293
102 128 118 808 913 1183 1218 1227 1297 1363
109 125 159 1409 709 1194 1218 1221 1297 1436
108 138 181 1148 786 446 1224 1214 1298 1327
105 145 150 1002 1604 1196 1217 1215 1297 1310
104 132 154 963 1359 1195 1224 1226 1298 1313
104 132 134 979 1200 1183 1219 1230 1295 1321
102 137 165 871 1122 1176 1207 1211 1297 1323
105 149 154 1117 1411 1185 1212 1222 1298 1305
106 131 161 1354 1133 1187 1233 1213 1298 1343
105 130 171 1248 1428 1191 1224 1213 1298 1302
105 129 159 889 1551 1184 1224 1218 1298 1337
103 133 159 853 843 1183 1217 1220 1296 4095
104 140 183 1018 1654 1196 1214 1222 1298 1309
106 140 167 1692 1948 1189 1220 1226 1296 1303
104 143 176 1345 939 1185 1215 1215 1297 4095
103 132 148 1064 986 1183 1213 1232 1296 1332
101 130 150 892 610 1189 1209 1210 1297 4095
118 133 154 1176 4095 1182 1228 1223 1298 1325
102 137 174 977 957 1178 1212 1222 1298 1336
104 134 183 1004 1617 1185 1214 1210 1297 1306
105 132 187 878 822 1192 1218 1209 1297 1341
102 127 155 901 776 1180 1224 1219 1296 1312
106 131 178 998 1220 1181 1220 1221 1297 1323
101 135 159 930 935 1183 1210 1218 1298 1314
107 130 163 1338 2143 1190 1232 1217 1298 1324
103 129 155 978 936 1187 1249 1214 1300 1325
109 133 174 1065 1074 1188 1229 1212 1299 1319
110 170 148 935 3936 1188 1201 1228 1298 1282
102 126 173 842 1049 1180 1230 1222 1298 1342
104 125 153 1014 987 1195 1221 1214 1297 1315
103 131 168 861 1047 1180 1207 1206 1297 1311
105 153 157 929 3325 1178 1212 1223 1298 1302
98 157 233 1398 2027 956 1010 1318 1063 1082
110 136 163 1012 2150 1190 1222 1221 1296 1297
106 164 153 1296 1779 1183 1206 1223 1298 1302
105 132 156 1220 1620 1190 1243 1223 1299 1323
105 133 280 1557 1179 1180 1223 1201 1297 1342
103 138 153 1252 736 1198 1216 1223 1297 1342
104 130 158 957 970 1192 1223 1223 1297 1329
119 163 319 932 4095 1192 1211 1223 1297 1287
97 138 152 911 967 1180 1213 1223 1297 4095
103 134 162 1144 1209 1184 1226 1225 1298 1310
106 134 150 1054 1675 1190 1222 1227 1297 1305
103 128 184 1098 1903 1192 1219 1212 1297 2907
104 132 166 978 1654 1181 1220 1241 1297 1346
103 139 169 1023 864 1194 1222 1216 1297 1313
99 131 171 970 1214 1183 1219 1220 1297 1384
102 130 141 929 719 1190 1238 1224 1299 1360
108 138 157 1294 719 1182 1214 1227 1297 4095
102 130 182 896 983 1187 1245 1214 1299 1304
110 137 154 984 1428 1182 1223 1221 1297 1308
103 132 165 995 859 1195 1224 1214 1297 1409
94 135 163 936 1208 1191 1218 1220 1296 1321
104 138 151 1197 1197 1183 1214 1225 1297 1315
101 135 161 977 1978 1189 1225 1221 1297 3981
116 144 202 1084 4095 1183 1213 1211 1298 1346
119 231 149 1693 4095 1182 1199 1226 1298 1112
105 133 174 1178 1350 1201 1223 1216 1298 1322
102 135 155 1113 1726 1185 1225 1222 1298 1298
102 132 170 981 638 1181 1228 1219 1298 1336
103 130 152 800 1435 1191 1223 1228 1297 1308
102 128 171 1115 483 1175 1235 1216 1298 4095
104 149 181 1306 1163 1201 1206 1213 1306 1332
103 132 206 1231 1134 1186 1242 1208 1299 1434
104 137 223 922 1078 1181 1211 1205 1297 1339
105 130 183 1778 1314 1206 1235 1213 1299 1304
101 137 159 863 743 1189 1215 1219 1296 1314
104 134 166 1034 1305 1186 1209 1204 1297 1330
103 129 158 994 953 1189 1223 1217 1298 1336
112 140 172 1374 4095 1198 1227 1213 1298 1066
93 128 153 1119 593 1179 1226 1227 139 297
102 139 174 907 759 1197 1223 1209 1297 1347
103 131 172 1036 1061 1191 1218 1210 1296 1400
103 134 188 469 1341 1177 1217 1205 1297 1351
105 125 165 1628 887 1205 1240 1216 1299 1321
102 157 163 1115 767 1186 1206 1215 1299 1317
115 163 440 863 4095 1188 1214 1215 1296 434
106 152 277 1054 1808 1182 1203 1200 1298 1298
100 167 165 926 1360 1188 1197 1203 1298 1302
96 127 163 529 620 1184 1220 1216 1298 1338
112 178 211 250 4095 1174 1194 1193 1299 1277
103 134 167 1459 745 1188 1217 1231 1297 1347
91 130 163 886 389 1181 1217 1218 1297 4095
102 139 140 927 1111 1182 1218 1226 1298 1356
103 129 155 871 942 1183 1222 1223 1296 1364
107 132 158 936 2027 1185 1237 1218 1299 1300
116 144 165 1985 4052 1198 1216 1230 1296 1290
101 130 193 198 910 1108 1140 1142 1299 1239
103 174 186 961 1138 1192 1204 1211 1299 1347
104 129 174 1471 1104 1192 1216 1218 1298 1318
104 129 158 1154 1273 1182 1225 1222 1298 1306
105 139 221 1734 1086 1191 1222 1216 1297 1324
105 132 150 1094 1473 1182 1216 1222 1297 1328
85 136 164 874 1353 1200 1218 1220 1296 1298
106 128 178 1302 1486 1197 1217 1218 1297 1304
108 138 237 1356 1632 1188 1222 1204 1297 1307
102 130 163 1000 784 1174 1222 1218 1296 1328
105 136 152 1069 1181 1187 1212 1224 1297 1317
94 127 130 1040 380 1205 1223 1272 1299 4095
108 165 160 1014 1776 1192 1207 1222 1298 1300
102 128 199 942 927 1208 1219 1223 1298 4095
103 129 156 1003 1514 1196 1220 1215 1296 1300
101 129 152 1058 358 1192 1224 1217 1296 4095
100 130 162 1008 868 1180 1226 1220 1297 1308
102 130 180 968 915 1196 1236 1215 1298 1332
108 195 163 1480 2440 1198 1206 1223 1298 1302
104 130 151 1521 2031 1191 1216 1231 1296 1300
103 156 167 1067 1307 1184 1203 1227 1297 1297
103 130 157 926 1075 1178 1228 1210 1297 1317
103 134 166 917 1208 1195 1235 1220 1298 1315
106 162 174 866 1128 1193 1207 1214 1298 1320
107 133 155 900 2522 1183 1217 1223 1297 1294
105 132 163 981 1836 1202 1222 1220 1298 1222
106 153 164 1529 1471 1193 1212 1223 1298 1409
103 127 164 989 1264 1190 1227 1214 1298 1323
102 133 170 2654 795 1187 1227 1222 1298 1322
108 133 168 956 1731 1187 1231 1228 1297 1304
102 127 174 946 824 1184 1225 1212 1298 1334
104 129 152 989 1472 1194 1230 1211 1298 1301
105 131 162 1056 1086 1185 1253 1235 1299 1332
104 152 177 1083 1066 1192 1202 1205 1297 4095
104 131 169 940 1247 1182 1237 1226 1298 1442
104 141 150 1035 1068 1188 1216 1219 1297 1319
109 129 167 1078 700 1190 1246 1223 1299 4095
101 175 163 820 620 1184 1203 1213 1298 4095
102 128 157 931 823 1182 1214 1220 1296 1327
105 133 165 982 1029 1190 1217 1210 1297 1312
103 135 318 326 995 1185 1209 1200 1297 1370
105 136 173 930 1418 1196 1223 1216 1298 1340
100 126 161 931 1088 1192 1239 1215 1298 1537
104 132 167 1103 1319 1179 1229 1219 1298 1318
102 142 147 1160 1022 1190 1215 1216 1296 1325
105 129 194 1647 1454 1184 1221 1205 1296 1304
106 131 225 1528 1844 1191 1223 1213 1297 1306
101 130 224 869 775 1182 1222 1212 1297 4095
102 130 186 608 664 1196 1222 1214 1298 1355
108 135 165 1415 2640 1190 1212 1206 1298 873
105 131 168 1006 1262 1176 1216 1213 1297 1296
110 131 175 1595 2527 1200 1225 1223 1297 1307
111 131 169 1169 1517 1180 1220 1225 1297 1299
105 133 190 878 888 1188 1225 1212 1298 1373
105 146 152 879 1369 1196 1211 1227 1297 1303
106 134 148 1104 2315 1186 1215 1228 1297 1416
106 138 249 1114 2416 1180 1210 1210 1297 1312
107 132 173 976 2130 1186 1225 1213 1297 1289
101 127 170 1133 1333 1190 1217 1211 1297 207
103 135 154 915 955 1177 1213 1221 1297 1379
114 160 145 927 4095 1304 1227 1220 1294 1284
104 143 149 922 1566 1189 1213 1220 1298 1297
103 130 167 905 854 1201 1227 1219 1297 1307
103 139 256 948 1253 1185 1234 1206 1298 1313
104 131 182 1188 1254 1191 1257 1220 1300 1327
102 150 169 1596 820 1198 1214 1220 1297 1336
128 125 158 1146 1520 1192 1237 1231 1299 1320
92 138 151 943 617 1188 1247 1211 1298 1309
108 134 189 1051 2552 1183 1233 1221 1298 1307
102 136 159 1004 939 1189 1212 1208 1297 1307
103 154 147 910 1386 1197 1235 1221 1299 1302
104 129 142 596 1396 1187 1234 1219 1297 1316
105 129 164 1099 1390 1188 1233 1221 1298 1313
104 129 176 1067 2379 1189 1220 1214 1297 1317
102 129 216 1150 1084 1183 1224 1219 1298 1363
98 133 158 1607 1973 1192 1224 1215 1292 0
105 131 186 879 2220 1198 1222 1212 1296 1312
109 132 155 635 1716 1182 1217 1207 1297 1308
102 132 172 860 830 1184 1209 1221 1298 4095
105 131 169 1077 1470 1194 1225 1211 1297 1430
102 138 232 868 1423 1187 1211 1205 1297 1403
109 143 195 1045 2516 1198 1219 1228 1297 1310
104 169 125 911 1404 1178 1207 1265 1298 1300
60 117 173 986 104 1186 1219 1210 1298 138
104 156 153 969 1333 1184 1213 1227 1297 1432
102 148 173 648 653 1180 1203 1206 1297 4095
106 135 162 1006 2032 1228 1230 1221 1298 1319
102 129 156 1033 892 1204 1237 1220 1299 1336
105 158 182 1023 1673 1197 1204 1216 1300 1303
107 148 195 873 2908 1180 1205 1208 1297 1285
106 133 177 829 1921 1175 1211 1201 1296 1295
103 133 166 1076 1021 1201 1216 1224 1296 1328
105 131 178 728 1753 1172 1205 1211 1298 1286
109 133 154 1155 2610 1186 1217 1223 1297 1298
100 131 225 471 3508 1188 1214 1201 1297 0
102 132 158 1036 831 1183 1239 1217 1299 1341
106 134 152 1749 1864 1188 1239 1224 1298 1320
103 131 159 1009 1847 1187 1230 1219 1297 638
105 131 180 1008 1170 1198 1214 1221 1297 1314
