194 439 647 1081 1008 1189 1212 1227 1297 1328
198 453 511 975 823 1188 1213 1218 1297 1451
193 367 572 1505 1656 1176 1212 1239 1297 1334
196 353 794 1173 1716 1190 1216 1208 1297 1310
192 319 689 421 1127 1186 1219 1209 1296 1308
191 369 708 1042 946 1186 1237 1216 1299 1305
190 328 698 968 1189 1191 1218 1214 1296 1347
194 342 791 708 1495 1186 1219 1210 1297 1304
202 398 799 1118 1322 1190 1213 1221 1297 1309
203 380 532 2435 4095 1194 1223 1225 1298 779
191 324 846 963 848 1190 1229 1211 1297 1320
193 329 583 1062 627 1185 1243 1209 1299 1330
197 345 1535 1551 2041 1185 1260 1209 1298 1293
199 331 679 872 1137 1185 1211 1228 1296 1320
196 341 736 916 2131 1196 1218 1219 1297 1304
196 353 517 1279 1069 1189 1226 1223 1298 1324
189 451 860 1016 1555 1183 1208 1219 1297 1302
205 398 534 1216 1023 1189 1221 1237 1297 1350
203 460 1694 1367 2017 1187 1210 1110 1297 1220
196 353 837 1008 889 1189 1220 1212 1298 1314
200 675 472 962 1413 1189 1203 1220 1298 1354
191 332 595 817 1222 1201 1220 1219 1298 1310
188 607 716 1176 1480 1199 1206 1221 1298 1295
211 461 563 838 904 1174 1200 1222 1299 1313
235 687 571 929 3384 1175 1201 1214 1299 1288
206 303 661 1035 787 1183 1230 1208 1297 4095
193 318 611 990 902 1187 1226 1210 1298 1468
188 409 362 900 1031 1188 1217 1218 1296 1308
192 359 589 1246 780 1186 1225 1231 1297 1340
197 340 651 1404 1416 1190 1229 1208 1297 1314
206 291 1410 943 1006 1180 1223 1205 1296 1329
192 637 781 933 864 1188 1205 1211 1298 1313
190 350 670 1276 947 1190 1220 1209 1298 1415
189 384 640 847 690 1186 1215 1213 1297 4095
203 328 640 1387 747 1179 1234 1229 1298 1319
200 347 1433 2430 3439 1193 1233 1213 1298 1416
191 479 688 823 914 1191 1217 1212 1296 1314
201 319 696 914 1049 1184 1216 1219 1297 1316
189 350 326 1004 1225 1194 1231 1278 1299 1338
191 317 624 1104 934 1181 1240 1223 1299 1313
213 322 642 1127 862 1185 1226 1229 1297 1360
190 430 376 971 1442 1200 1212 1228 1298 1315
194 387 568 1291 3115 1185 1220 1222 1297 1292
197 344 583 969 572 1189 1218 1218 1297 4095
189 303 681 1080 1717 1197 1228 1212 1297 1314
191 359 614 857 1283 1184 1210 1219 1297 1308
205 447 531 1105 975 1179 1214 1218 1298 1328
208 357 580 1050 940 1178 1213 1223 1297 1347
189 297 393 421 1369 1177 1227 1231 1297 1437
205 340 647 1428 676 1194 1222 1214 1297 1329
192 344 638 909 611 1183 1216 1211 1298 4095
194 471 830 1099 1708 1186 1216 1211 1297 1296
188 353 611 1420 833 1189 1220 1231 1297 1375
190 343 795 933 751 1194 1242 1214 1300 1398
190 347 795 1119 1420 1187 1218 1217 1297 1330
199 359 654 904 1185 1179 1215 1228 1296 1320
209 515 652 1163 1364 1194 1213 1223 1297 1308
207 310 629 1022 1603 1188 1241 1230 1299 1303
195 411 565 859 1419 1185 1212 1212 1298 1305
197 465 654 875 1264 1186 1219 1215 1298 1314
205 324 686 1746 2185 1183 1223 1212 1296 1301
190 406 614 1501 798 1195 1213 1237 1297 1307
191 359 789 1007 1696 1194 1232 1214 1299 1316
202 337 1042 2034 1543 1185 1226 1210 1297 1314
190 322 619 1183 1341 1190 1236 1213 1298 1312
201 348 870 896 1110 1197 1226 1211 1297 1313
189 391 627 1149 2049 1202 1212 1228 1298 1320
204 335 805 949 1078 1190 1226 1222 1297 1313
187 332 732 928 1099 1196 1214 1214 1297 1307
188 353 684 1174 1356 1193 1217 1221 1298 1336
194 381 994 1387 491 1198 1221 1215 1298 4095
198 495 597 1117 1307 1181 1214 1234 1297 1318
190 333 750 1047 1092 1185 1248 1225 1299 1335
202 342 799 780 1350 1199 1218 1211 1297 1298
200 329 557 1003 1197 1187 1230 1224 1297 1334
195 325 719 1699 735 1187 1248 1217 1298 1648
201 466 669 850 1058 1188 1208 1213 1299 1337
196 412 589 148 917 1146 1170 1167 1299 1296
191 382 481 870 972 1180 1225 1224 1297 1329
188 308 759 1146 1169 1196 1219 1218 1297 1306
194 535 612 938 2318 1189 1212 1224 1297 1347
191 296 321 1605 1414 1181 1231 1243 1298 1319
194 374 861 833 497 1181 1216 1224 1297 4095
190 407 687 873 1387 1196 1216 1214 1297 1308
196 337 2901 1276 2285 1178 1229 1205 1297 1316
187 329 556 1011 948 1184 1228 1228 1298 1340
189 329 544 1625 1097 1179 1238 1227 1299 1306
195 341 689 1184 1542 1180 1220 1221 1297 1326
190 299 640 756 970 1184 1230 1214 1298 1352
201 340 1168 902 1769 1179 1221 1200 1296 1310
192 353 1308 965 1608 1181 1224 1212 1297 1379
192 287 828 906 1114 1182 1220 1208 1297 1312
196 487 1124 1019 922 1186 1214 1215 1296 1336
189 334 641 1404 1063 1190 1228 1208 1297 1336
228 327 624 971 2106 1180 1214 1215 1296 1307
190 389 634 893 1367 1206 1212 1219 1298 1306
196 310 699 1074 1677 1190 1228 1223 1298 1337
191 317 631 985 534 1191 1217 1212 1297 4095
196 294 549 866 2205 1177 1219 1219 1296 1298
192 355 642 987 690 1189 1217 1225 1297 1367
197 317 921 1109 922 1187 1223 1216 1298 1312
187 339 625 295 1119 1181 1202 1202 1297 1385
190 346 746 991 1279 1190 1212 1223 1297 1299
185 329 825 439 970 1186 1212 1205 1297 1356
193 334 1080 883 1517 1200 1243 1206 1299 1388
195 339 651 928 995 1190 1218 1220 1297 1299
199 363 1596 901 3768 1187 1224 1206 1296 1294
193 466 761 907 1884 1193 1212 1209 1296 1336
187 354 634 886 655 1194 1217 1219 1298 1374
188 335 551 1011 579 1199 1235 1215 1299 4095
189 365 860 1195 1002 1199 1210 1209 1298 1315
199 345 965 827 1230 1179 1211 1205 1297 1304
205 401 584 1126 1012 1182 1213 1225 1298 1322
190 303 585 920 1117 1187 1223 1210 1297 1302
188 344 845 514 942 1179 1232 1210 1297 1315
191 326 733 1091 810 1186 1232 1220 1298 4095
191 355 1251 1520 864 1192 1217 1214 1296 1313
204 345 599 692 1090 1183 1209 1204 1298 1308
189 301 626 971 742 1179 1229 1208 1298 1463
190 341 640 910 922 1180 1220 1216 1295 1334
198 341 637 879 1464 1185 1215 1218 1296 1309
202 338 516 1018 969 1186 1223 1229 1296 1319
190 312 498 1166 1600 1200 1221 1224 1298 1310
188 415 676 961 563 1196 1216 1215 1297 4095
204 388 760 1268 1227 1189 1214 1218 1298 1304
191 345 602 477 1000 1174 1209 1213 1297 1390
201 305 648 1832 3824 1202 1260 1220 1300 1289
192 312 864 1249 747 1180 1229 1216 1297 1313
189 440 515 1588 806 1190 1213 1222 1293 1320
190 310 646 917 2043 1185 1231 1209 1298 1390
205 305 551 920 1431 1188 1247 1212 1299 1309
206 556 735 1330 3071 1188 1202 1230 1299 1291
203 434 750 960 780 1189 1216 1228 1297 1351
191 343 620 1210 801 1191 1226 1228 1297 1324
189 310 646 971 1420 1178 1232 1206 1297 1290
193 364 657 1092 1090 1186 1236 1215 1298 1315
199 352 515 981 691 1182 1218 1217 1297 1364
203 379 355 974 1467 1188 1221 1233 1296 1313
197 585 1360 1829 1234 1182 1210 1204 1296 1305
186 632 1159 1639 1309 1191 1208 1213 1297 1310
194 386 625 1763 1362 1186 1218 1225 1296 1327
198 397 652 957 1007 1183 1214 1229 1298 1362
194 549 570 1241 795 1189 1210 1220 1298 1420
202 319 646 875 1345 1190 1246 1222 1299 0
195 545 718 922 989 195 1211 1214 1298 1318
203 369 495 1168 1777 1187 1227 1236 1299 1399
188 568 650 1499 1733 1200 1211 1219 1298 1301
190 388 904 976 3068 1191 1216 1210 1297 2130
205 350 789 947 670 1194 1217 1210 1297 4095
198 371 1083 899 1052 1189 1216 1210 1298 1336
200 402 890 827 942 1182 1229 1197 1297 1312
194 345 857 807 971 1175 1211 1203 1296 1348
223 481 757 859 2100 1181 1212 1218 1297 1299
192 324 527 1094 2286 1182 1216 1225 1296 1292
205 365 2017 1831 943 1194 1224 1205 1297 1310
194 368 732 1062 1258 1176 1213 1224 1297 1301
206 344 613 882 857 1187 1225 1224 1298 1335
188 528 510 887 1244 1192 1205 1219 1298 1371
187 297 538 881 699 1200 1229 1218 1298 1341
200 341 590 919 570 1184 1223 1219 1297 4095
192 328 625 1092 921 1182 1242 1209 1299 1324
195 344 606 977 919 1186 1232 1226 1298 1315
190 445 323 1067 519 1181 1208 1231 1297 4095
211 343 710 1045 1068 1192 1228 1217 1298 1438
198 427 647 1008 3650 1188 1206 1216 1298 1289
194 342 636 1995 1651 1196 1217 1225 1287 1305
194 302 603 1071 1104 1185 1233 1229 1298 1327
189 348 556 1309 830 1182 1218 1226 1296 1320
194 443 957 873 1118 1187 1206 1205 1297 1310
192 306 773 984 377 1182 1215 1212 1297 4095
189 348 431 1057 1101 1198 1219 1218 1297 1306
201 391 1592 870 2742 1192 1217 1202 1296 1294
189 351 259 1067 1252 1192 1219 1224 1297 1302
195 338 483 937 1214 1188 1245 1216 1300 1310
199 412 499 1047 1297 1187 1213 1222 1296 1312
195 584 479 849 1693 1197 1202 1226 1298 1334
200 336 1318 973 972 1188 1215 1208 1297 1315
203 341 624 919 1057 1186 1232 1220 1299 1303
195 370 630 871 1036 1195 1214 1219 1297 1309
206 409 1569 856 3014 1174 1206 1196 1297 1292
191 369 584 981 802 1187 1221 1221 1296 1312
193 340 691 1007 713 1180 1218 1220 1296 4095
193 312 1039 822 721 1197 1236 1216 1299 1363
189 436 666 1083 962 1192 1209 1206 1298 1314
189 407 607 1114 1594 1195 1218 1223 1297 1326
206 351 656 1078 1221 1183 1223 1208 1297 1313
212 331 604 1490 1114 1195 1220 1227 1297 1322
197 361 640 1086 1707 1178 1210 1222 1298 1293
190 317 687 1016 699 1198 1233 1221 1298 1350
191 324 768 1138 1395 1183 1217 1210 1296 1321
188 401 700 439 799 1191 1215 1224 1297 4095
193 345 751 1194 910 1189 1218 1229 1295 1325
197 324 657 935 589 1189 1231 1210 1298 4095
186 507 579 1017 622 1197 1217 1230 1297 1348
190 326 737 208 1031 1170 1214 1206 1296 1309
208 351 1826 897 1122 1181 1220 1206 1297 1324
212 322 721 1032 1007 1185 1220 1213 1297 4095
205 335 656 1176 787 1186 1230 1203 1298 1329
193 356 670 915 1128 1188 1224 1218 1297 1306
199 371 554 1400 966 1201 1220 1216 1297 1317
193 407 667 912 1243 1192 1208 1211 1298 1315
232 444 877 828 698 1169 1210 1207 1297 4095
199 347 505 937 1081 1191 1233 1229 1298 1318
210 361 657 1228 524 1193 1218 1212 1298 4095
200 336 918 1019 1256 1187 1236 1208 1298 1307
192 456 569 773 1405 1179 1215 1216 1297 1303
202 354 499 1611 1755 1180 1230 1228 1298 1302
190 298 566 921 1600 1188 1236 1219 1299 1285
180 447 890 469 461 1172 1197 1200 1298 1306
190 364 767 912 1488 1186 1235 1212 1299 1332
188 352 680 766 1761 1217 1219 1219 1297 1307
189 392 782 867 1154 1187 1212 1209 1297 1305
187 423 581 1145 1554 1185 1212 1220 1298 1307
200 334 530 989 1361 1183 1233 1226 1298 1323
198 474 430 910 1001 1183 1204 1227 1297 1325
191 343 585 921 1474 1195 1241 1216 1299 1337
189 332 709 952 1364 1195 1225 1216 1298 1349
187 353 505 1093 878 1189 1219 1223 1297 1307
190 396 604 1035 796 1188 1216 1207 1296 1325
190 439 1059 755 1099 1188 1209 1203 1296 1310
190 373 541 952 1257 1194 1215 1235 1298 1329
186 362 649 1045 1449 1191 1234 1220 1298 1312
190 354 570 1225 1260 1189 1220 1214 1298 1312
198 380 560 1048 636 1182 1216 1219 1297 4095
205 353 654 990 1841 1185 1215 1223 1298 1320
196 347 767 933 740 1187 1219 1208 1296 1338
198 367 844 1096 835 1187 1213 1211 1297 568
192 396 926 992 1068 1184 1204 1204 1298 1313
187 328 890 894 717 1192 1233 1213 1299 4095
195 356 540 1364 1378 1193 1226 1224 1297 1313
190 347 501 1043 1009 1190 1222 1216 1297 1325
188 353 719 1434 843 1188 1227 1222 1298 1333
202 354 446 1086 1006 1190 1212 1226 1297 1311
195 416 665 1016 1741 1188 1212 1207 1296 1294
192 357 695 982 1664 1201 1222 1218 1298 1418
199 381 751 977 1089 1192 1219 1217 1297 1314
188 332 877 1677 1509 1188 1223 1210 1298 1317
197 347 609 481 2075 1175 1206 1206 1297 1285
207 644 726 952 1104 1189 1205 1217 1298 1327
189 399 667 1485 3301 1185 1219 1221 1298 1305
198 349 425 954 1134 1181 1223 1229 1297 1364
190 384 574 941 1522 1182 1214 1221 1297 1379
193 342 682 937 893 1184 1218 1224 1297 1336
194 371 711 904 1732 1189 1227 1210 1296 1313
193 443 660 903 1865 1193 1206 1221 1299 1337
191 398 826 1640 1117 1192 1210 1219 1304 1303
208 340 780 366 808 1175 1222 1207 1296 1337
195 335 902 1025 1134 1186 1211 1205 1297 1312
186 350 608 923 946 1179 1214 1223 1297 1313
202 316 543 1401 1198 1184 1223 1229 1297 1335
202 386 998 1655 1362 1192 1217 1210 1298 1314
189 327 735 511 1285 1192 1217 1210 1297 1287
203 316 611 972 902 1187 1219 1224 1298 1305
197 459 507 838 1742 1193 1205 1228 1298 1317
186 340 562 1084 1197 224 1102 247 316 442
211 476 450 942 1212 1182 1211 1223 1297 1316
197 454 601 925 1038 1191 1211 1234 1298 1309
219 504 775 870 777 1171 1199 1208 1298 1307
194 442 874 1941 1360 1188 1213 1210 1297 1315
188 376 514 997 692 1185 1219 1230 1298 1326
229 975 710 1174 2399 1167 1198 1212 1300 1292
193 349 674 1289 1049 1197 1229 1223 1297 1316
189 343 616 825 1358 1186 1243 1219 1298 1312
197 332 788 1091 1397 1185 1246 1210 1299 1310
185 443 622 1054 805 1196 1209 1228 1298 4095
198 337 2083 1614 1066 1190 1224 1206 1296 1472
190 377 684 996 1678 1187 1218 1211 1297 1306
196 480 623 905 2130 1184 1208 1224 1297 1330
189 378 533 819 857 1181 1213 1210 1298 1325
190 393 517 965 1448 1191 1213 1218 1297 1307
195 350 636 1332 1548 1188 1211 1209 1296 1317
187 356 688 1026 1411 1198 1215 1218 1297 1311
189 672 630 796 1032 1188 1201 1217 1299 1316
188 335 695 679 849 1188 1218 1219 1297 1303
207 345 755 1039 1399 1188 1229 1226 1296 1379
192 385 643 1025 1040 1179 1206 1208 1297 1306
242 373 566 1588 2733 1179 1226 1223 1297 1292
188 412 468 1145 670 1189 1215 1226 1296 4095
187 337 524 948 1330 1183 1252 1226 1299 1362
200 531 636 1104 1212 1188 1210 1216 1297 1332
194 319 567 1052 1890 1183 1219 1221 1297 1328
197 357 726 769 914 1179 1212 1215 1298 1319
211 320 624 890 871 1183 1214 1219 1297 4095
194 367 685 464 1068 1187 1229 1213 1297 1303
186 402 1038 206 877 1137 1157 1152 1299 1261
188 295 467 1069 1285 1188 1239 1221 1299 1305
190 494 585 1449 1218 1185 1211 1234 1298 1326
193 354 794 1053 1620 1187 1231 1218 1297 1351
193 369 744 912 1599 1183 1214 1015 1297 1145
204 326 951 377 963 1171 1206 1197 1297 1326
192 367 519 1490 764 1207 1224 1228 1298 1341
210 366 501 883 1894 1177 1207 1211 1299 1408
205 394 735 1471 1057 1200 1213 1213 1298 1302
187 360 743 1159 972 1183 1220 1217 1299 1324
198 344 701 911 1533 1189 1210 1221 1297 1341
188 314 1228 1092 906 1203 1224 1213 1298 1338
199 448 561 1000 818 1186 1211 1213 1298 4095
211 522 605 998 676 1175 1203 1219 1299 1330
195 354 520 1067 1105 1179 1217 1222 1297 1323
191 357 555 950 574 1184 1214 1229 1297 4095
191 407 684 1028 1032 1198 1221 1216 1298 1316
192 465 1223 1044 1718 1183 1211 1215 1299 2339
200 537 597 815 1534 1198 1213 1209 1298 1330
198 461 1171 1774 1609 1199 1215 1213 1297 1311
202 330 641 1094 1360 1189 1221 1216 1297 1316
188 347 635 965 960 1192 1225 1213 1297 1331
187 315 581 1009 901 1188 1243 1223 1300 1354
200 357 886 990 829 1192 1235 1215 1298 1359
194 351 762 1385 1559 1196 1223 1215 1297 1313
190 360 685 880 1061 1188 1215 1217 1297 1330
190 524 1146 762 2339 1180 1204 1219 1298 1295
193 380 577 855 890 1190 1218 1218 1297 1309
194 347 539 985 1744 1211 1225 1225 1297 1304
193 347 811 1375 1458 1190 1221 1216 1297 1300
193 325 724 928 1157 1186 1247 1209 1299 1418
212 318 546 1047 1305 1181 1216 1208 1296 1341
197 322 888 1035 500 1175 1225 1206 1296 570
189 345 572 970 1100 1186 1221 1225 1298 1346
195 350 598 1014 696 1181 1228 1221 1297 4095
189 443 498 950 920 1196 1215 1230 1298 1605
194 409 590 953 938 1189 1202 1228 1298 1328
196 397 739 967 1048 1178 1221 1216 1297 1314
185 328 338 1056 1154 1185 1234 1232 0 1356
192 462 511 978 1311 1190 1210 1240 1298 1300
200 341 692 1218 785 1190 1216 1217 1297 1318
191 319 507 1534 1072 1197 1239 1227 1299 1335
190 328 689 288 906 1188 1217 1211 1297 1352
188 419 586 1008 1647 1181 1215 1215 1298 1309
190 650 602 1057 2009 1186 1205 1226 1298 1324
206 340 450 992 999 1186 1226 1244 1298 1298
186 347 575 1074 872 1190 1216 1219 1298 1321
188 353 564 894 458 1193 1217 1221 1297 4095
189 388 674 1125 839 1183 1211 1220 1297 1350
189 358 724 848 822 1207 1223 1224 1298 4095
189 347 492 1262 710 1197 1227 1239 1298 1386
194 342 613 1161 2323 1197 1223 1219 1297 1365
195 375 527 1735 1792 1199 1224 1235 1299 1424
221 534 517 1207 754 1180 1212 1225 1296 1339
189 339 758 777 745 1195 1228 1219 1297 4095
187 369 611 871 1166 1189 1216 1217 1297 1292
192 361 713 900 544 1188 1225 1217 1298 4095
200 583 588 850 685 1191 1205 1215 1298 4095
196 549 524 982 1647 1184 1207 1223 1297 1306
190 368 619 986 745 1184 1216 1218 1297 1326
192 339 698 1257 1161 1190 1214 1215 1297 1322
189 403 531 941 2833 1197 1223 1220 1297 1298
186 415 610 1070 1203 1189 1213 1221 1297 1312
198 328 881 1188 1370 1197 1243 1221 1299 1314
192 359 699 932 1099 1183 1220 1213 1298 1324
201 696 747 1006 781 1176 1204 1214 1299 1316
192 362 742 1059 1480 1188 1220 1207 1297 1302
234 426 602 881 1828 1172 1211 1219 1298 1330
187 313 675 1025 1434 1186 1241 1205 1299 1311
196 301 703 783 1070 1186 1227 1216 1297 1307
203 316 697 995 1100 1182 1235 1225 1299 1302
191 395 575 950 876 1200 1212 1218 1298 1370
198 417 491 959 891 1195 1220 1216 1297 4095
194 305 833 1004 834 1188 1245 1214 1299 4095
194 359 623 991 941 1194 1213 1216 1297 1304
197 475 884 921 598 1191 1215 1222 1297 4095
190 355 548 994 885 1178 1213 1222 1298 1297
189 341 809 1576 980 1193 1228 1213 1297 1310
209 371 885 809 1359 1188 1216 1210 1296 1307
192 398 482 827 561 1189 1223 1231 1296 4095
190 377 889 914 2090 1186 1213 1209 1296 1297
194 378 759 1060 1036 1182 1212 1217 1297 1314
193 323 907 804 1359 1187 1220 1216 1297 1328
198 316 547 1565 1495 1194 1226 1226 1297 1306
220 354 995 1012 1023 1181 1229 1213 1297 1320
193 393 715 840 1596 1183 1212 1213 1298 1313
186 374 361 1017 1951 1189 1221 1257 1297 1293
212 340 601 868 1552 1188 1211 1214 1297 1329
190 334 500 1408 1306 1191 1240 1216 1299 1312
196 338 488 960 1111 1179 1237 1230 1299 1324
199 345 710 1552 1203 1183 1223 1220 1296 1310
210 357 771 976 1091 1188 1211 1217 1299 1318
197 451 1294 398 2261 1180 1198 1195 1297 1282
189 366 523 980 1113 1189 1207 1217 1297 1295
222 349 645 1012 1703 1182 1214 1225 1296 1317
215 328 739 1015 1073 1178 1226 1219 1297 1312
210 637 1098 933 959 1185 1204 1220 1297 4095
191 312 774 909 972 1185 1225 1213 1297 1377
193 363 808 925 856 1197 1231 1219 1299 1320
219 320 789 1048 1379 1191 1229 1211 1298 1305
195 429 622 905 608 1190 1214 1215 1296 4095
192 336 1248 1918 2938 1191 1217 1209 1297 1297
187 339 605 1011 1541 1189 1214 1211 1297 1309
186 348 602 840 1000 1187 1226 1213 1297 1333
193 356 786 1516 1354 1184 1221 1224 1297 1313
187 377 801 1182 927 1194 1215 1213 1297 1310
193 360 571 924 2477 1182 1212 1210 1298 1305
194 511 691 1066 1235 1193 1211 1213 1297 1317
194 322 526 898 1946 1174 1237 1227 1298 3608
197 351 1053 885 1110 1188 1215 1214 1297 1304
190 314 490 1118 899 1187 1230 1223 1298 1317
197 418 596 1238 865 1194 1217 1221 1297 1323
192 346 612 1088 1308 1189 1221 1219 1297 1306
196 357 638 959 1297 1182 1216 1221 1297 1312
193 350 569 1110 726 1180 1222 1225 1297 1314
220 655 499 838 2169 1179 1204 1222 1298 1290
199 398 1361 416 826 1173 1199 1191 1298 1323
207 509 990 1412 2699 1178 1204 1208 1298 1295
199 335 587 939 1243 1185 1216 1221 1297 4095
193 306 665 843 1324 1189 1225 1216 1298 1334
187 342 716 873 694 1188 1211 1217 1298 1396
190 344 537 863 1982 1180 1215 1207 1297 1307
199 536 684 959 1389 1190 1213 1213 1297 1319
188 621 638 968 1074 1191 1203 1214 1298 1341
195 668 797 1258 692 1196 1208 1210 1298 1319
192 315 693 948 1264 1184 1219 1219 1297 1303
192 367 684 1010 1054 1186 1220 1216 1297 1311
192 335 625 1004 837 1182 1218 1226 1297 4095
196 385 687 1023 1330 1193 1217 1217 1298 1312
216 379 384 840 2736 1178 1205 1242 1298 1297
220 331 622 1036 1160 1178 1217 1223 1296 1306
189 438 879 955 1363 1180 1211 1220 1298 1300
186 337 479 1085 547 1207 1236 1217 1297 4095
190 309 722 165 911 1176 1213 1205 1296 1293
196 627 596 921 827 1186 1205 1204 1297 1418
200 322 746 876 502 1193 1218 1219 1297 4095
190 331 854 997 510 1191 1230 1211 1298 4095
211 359 687 1188 1148 1181 1214 1222 1297 1335
184 337 471 881 424 1184 1216 1235 1297 4095
210 335 527 1115 1069 1186 1221 1223 1296 1324
192 373 596 860 1010 1193 1228 1219 1298 1315
190 521 528 946 1471 1185 1208 1226 1298 1307
187 435 418 1093 871 1182 1210 1236 1299 1324
188 365 563 923 1562 1188 1215 1222 1298 1315
196 426 722 1012 1403 1187 1211 1215 1297 1345
192 324 722 954 1197 1197 1224 1220 1297 1422
200 295 626 963 857 1195 1224 1212 1296 1317
188 319 544 682 1785 1184 1220 1225 1298 1312
192 324 485 1290 1146 1196 1229 1221 1298 1451
189 371 678 926 1176 1196 1218 1220 1298 1319
189 332 563 901 1001 1178 1209 1224 1298 1324
198 419 661 1017 1305 1188 1204 1210 1298 1321
218 712 870 990 1843 1181 1208 1214 1298 1306
191 393 795 883 1634 1191 1213 1216 1297 1305
188 346 663 1848 1118 1201 1226 1223 1298 1331
191 335 603 843 1282 1195 1220 1212 1297 1310
198 313 601 1956 3431 1189 1216 1235 1297 1265
192 300 552 2004 1664 1200 1229 1226 1297 1317
191 329 614 1100 1128 1191 1225 1213 1297 1349
192 472 506 931 1034 1187 1212 1211 1298 1310
192 335 474 836 715 1178 1215 1215 1297 1318
204 400 488 855 1189 1195 1216 1222 1297 1300
190 341 511 905 1548 1187 1231 1222 1298 1306
197 338 518 823 1675 1177 1212 1224 1296 1297
190 389 551 956 594 1198 1222 1213 1296 4095
195 518 640 843 1589 1183 1207 1224 1298 1296
192 320 543 908 1714 1179 1215 1216 1297 1304
200 349 719 973 1404 1188 1216 1219 1296 1308
231 376 677 1009 1138 1180 1234 1218 1297 1301
190 344 598 978 1616 1193 1225 1215 1297 1297
189 363 570 1029 857 1193 1219 1230 1296 1347
193 312 554 971 1089 1184 1222 1209 1297 1302
202 307 697 1002 776 1187 1241 1225 1299 1317
204 404 361 1083 922 1189 1221 1225 1297 1315
193 717 570 1023 1442 1189 1200 1211 1299 1293
208 333 610 914 1203 1187 1220 1216 1297 1314
196 353 667 990 823 1186 1211 1222 1298 1358
188 337 759 1139 829 1181 1215 1223 1297 1321
186 334 963 989 754 1198 1257 1208 1299 1335
192 345 742 981 969 1192 1219 1218 1298 1372
194 375 561 1122 1563 1198 1217 1222 1298 1312
192 374 692 829 1116 1187 1222 1217 1298 1335
194 353 516 955 879 1191 1219 1214 1298 1344
218 339 1101 1158 1270 1182 1220 1214 1297 1315
185 391 550 988 1086 1189 1212 1231 1297 1337
192 310 511 1252 457 1187 1228 1233 1296 4095
192 318 629 854 755 1196 1225 1216 1297 4095
194 494 971 1091 992 1188 1210 1212 1298 1336
196 354 722 869 1998 1190 1232 1206 1297 1307
189 369 678 1005 1518 1185 1210 1227 1297 1307
194 335 594 1236 1599 1187 1229 1221 1297 1312
213 329 695 259 937 1179 1209 1218 1297 1316
193 487 616 1247 1282 1197 1209 1218 1298 1320
228 376 1347 1087 1361 1182 1215 1215 1297 1314
191 445 609 856 1204 1185 1215 1226 1296 1308
191 347 512 870 1440 1183 1246 1242 1299 1307
195 329 1144 1413 2683 1186 1221 1209 1297 1287
189 296 524 1010 719 1194 1230 1218 1298 1316
197 306 611 911 925 1186 1227 1218 1298 1330
190 381 595 985 1704 1189 1214 1217 1297 1339
189 370 678 1207 1644 1206 1212 1216 1300 1338
188 313 767 937 1672 1189 1224 722 1298 1303
198 355 631 1094 1425 1184 1212 1221 1297 1320
192 323 462 1131 1936 1190 1223 1227 1297 1311
192 325 1171 1398 961 1185 4095 1211 1300 1352
190 337 609 996 3066 1187 1236 1227 1298 1267
188 326 648 1089 1014 1200 1218 1225 1296 1318
229 497 843 956 1196 1174 1204 1212 1298 1317
195 365 657 950 833 1193 1228 1223 1297 1318
195 341 893 519 1245 1184 1234 1209 1298 1302
190 330 676 885 1088 1181 1211 1211 1297 1326
200 368 332 1096 808 1190 1222 1236 1297 1320
200 713 827 1182 4095 1191 1198 1220 1298 1247
193 368 712 1358 1238 1189 1217 1214 1297 1367
189 453 511 917 1514 1178 1212 1230 1297 1318
187 382 650 992 1503 1189 1219 1211 1296 1319
195 351 712 375 1632 1179 1214 1200 1296 1299
188 418 587 1103 1013 1184 1218 1229 1297 1327
190 359 796 1242 1205 1190 1210 1215 1294 1312
213 331 741 994 1350 1183 1222 1224 1297 1315
218 378 800 946 2182 1184 1216 1215 1296 1308
200 384 697 911 779 1183 1214 1219 1298 1460
191 311 753 1387 1953 1198 1242 1224 1299 1301
192 347 849 953 821 1185 1225 1221 1297 1367
190 327 675 997 772 1192 1218 1220 1297 4095
192 326 615 932 981 1198 1251 1216 1299 1306
194 362 1491 977 1214 1185 1211 1203 1296 1320
189 375 601 947 964 1185 1218 1209 1297 1345
189 492 705 1063 1090 1172 1206 1212 1297 1336
199 343 843 971 1380 1179 1217 1220 1296 1302
193 342 684 929 1920 1185 1222 1223 1296 1291
204 343 544 1116 1487 1189 1228 1227 1297 1313
190 266 617 1174 1001 1180 1227 1215 1296 1309
187 332 620 865 724 1182 1229 1225 1297 1370
207 373 739 1259 1062 1179 1214 1219 1297 1307
191 428 596 945 830 1187 1212 1226 1298 4095
200 523 732 1092 1359 1195 1204 1209 1298 1311
195 418 571 968 1347 1186 1216 1222 1297 1324
197 325 1018 983 1751 1190 1234 1213 1297 1413
222 350 565 1715 775 1179 1223 1222 1297 1334
196 335 752 833 1984 1180 1223 1224 1296 1304
188 448 669 1008 1212 1188 1211 1221 1297 1316
207 327 605 1116 1585 1184 1222 1210 1297 1319
204 403 582 848 1219 1187 1212 1213 1296 1303
203 348 775 894 1990 1188 1226 1217 1299 632
217 357 1071 947 901 1177 1220 1212 1297 1323
190 359 1065 923 1718 1182 1247 1212 1299 1304
189 416 1143 897 815 1196 1205 1209 1297 1422
214 431 487 1921 810 1171 1215 1214 1297 1323
195 356 1118 1189 1762 1192 1214 1208 1297 1299
200 345 576 929 1137 1180 1212 1225 1297 1304
194 370 1343 1733 1782 1186 1218 1212 1298 1294
191 372 682 1058 374 1192 1214 1217 1297 4095
192 367 641 1260 1160 1192 1222 1217 1298 1326
192 414 555 1008 898 1211 1208 1220 1298 1304
193 362 754 811 1209 1196 1214 1212 1298 1324
195 488 1788 911 1865 1180 1207 1196 1297 1315
193 363 780 912 1205 1185 1229 1211 1298 1332
191 355 731 411 1630 1192 1211 1207 1297 1298
205 578 964 844 1327 1184 1211 1219 1299 2214
186 362 802 925 678 1196 1227 1221 1297 4095
211 392 634 1782 1348 1193 1220 1218 1297 1317
197 364 567 1068 828 1188 1220 1223 1297 1331
193 322 573 928 681 1190 1223 1231 1296 1325
192 368 725 1159 1205 1184 1211 1215 1298 1303
204 372 1036 961 1432 1184 1214 1207 1296 1338
193 315 606 1045 2628 1187 1223 1216 1298 1287
192 341 553 816 585 1208 1226 1222 1299 1330
196 370 573 1189 1549 1192 1224 1209 1297 1302
191 301 508 1009 659 1190 1229 1215 1298 4095
211 661 1579 1055 2952 1184 1203 1198 1298 1301
196 319 626 522 1726 1180 1220 1216 1296 1291
229 378 680 930 917 1175 1223 1221 1298 1551
201 344 1031 941 1797 1178 1221 1214 1296 1305
187 290 667 762 1636 1190 1237 1217 1299 1288
198 365 1019 922 1066 1184 1210 1199 1297 1306
201 396 859 1150 987 1182 1217 1221 1297 1316
224 371 649 487 1096 1172 1217 1212 1297 1315
197 319 767 814 627 1183 1222 1213 1297 1332
186 382 372 975 1326 1187 1222 1230 1295 1302
189 409 338 970 1542 1186 1218 1235 1297 1292
186 361 600 1034 1396 1186 1214 1214 1298 1316
212 326 676 965 626 1190 1242 1214 1299 1353
241 717 736 1520 2943 1185 1206 1220 1297 1286
194 368 555 1106 1229 1201 1218 1226 1297 1305
188 565 816 1033 1678 1190 1212 1222 1297 1319
224 316 560 927 1162 1179 1216 1221 1296 1315
188 339 498 852 872 1190 1246 1231 1299 1334
190 361 669 1012 2976 1189 1228 1216 1298 1299
190 330 1012 983 1348 1199 1228 1212 1298 1318
197 350 350 917 1444 1187 1213 1230 1297 1330
195 325 1060 1107 1777 1185 1235 1213 1299 1303
205 420 607 942 1091 1179 1209 1222 1298 1327
196 460 657 999 1435 1199 1210 1217 1298 1315
189 417 845 1061 1034 1196 1211 1217 1298 1331
200 331 719 1589 1016 1193 1231 1230 1298 186
193 322 609 980 1046 1186 1221 1223 1298 1344
189 336 1157 1536 1362 1190 1232 1212 1297 1443
192 329 663 1086 1199 1186 1229 1223 1298 1320
208 318 837 936 1613 1185 1226 1219 1297 1308
208 335 1648 1092 1523 1176 1216 1203 1297 1297
192 378 738 455 2338 1172 1206 1203 1297 1287
191 322 700 1434 956 1190 1216 1213 1296 1307
196 334 747 1119 989 1194 1238 1212 1299 1444
193 443 785 874 782 1191 1209 1226 1299 4095
192 324 629 1128 870 1187 1221 1217 1297 1333
193 371 565 1009 1588 1190 1220 1216 1298 1307
187 344 511 975 2024 1189 1217 1219 1297 1333
197 377 1883 1057 940 1180 1219 1197 1296 1305
189 344 724 527 3464 1184 1224 1225 1296 1296
186 417 697 892 1145 1182 1206 1211 1298 1340
194 317 670 1178 943 1174 1218 1216 1297 1309
191 363 511 1614 1276 1193 1220 1224 1296 1316
196 369 700 1007 1410 1189 1216 1224 1297 1286
203 311 551 919 1054 1178 1222 1217 1297 1544
188 350 583 1466 1687 1194 1213 1216 1297 1311
187 350 706 739 1246 1185 1240 1210 1298 1307
196 334 843 1575 1967 1191 1217 1214 1298 1322
200 397 761 952 1588 1178 1208 1210 1297 1314
188 348 497 995 742 1194 1226 1220 1298 1476
195 294 458 1103 1327 1194 1223 1219 1298 1307
189 665 936 1417 832 1193 1207 1214 1298 1408
190 353 816 970 1582 1184 1215 1222 1297 1296
189 317 633 1244 956 1185 1225 1219 1296 1314
188 463 493 898 1512 1184 1206 1228 1297 1292
193 309 835 1065 833 1188 1217 1207 1296 1332
208 333 2771 952 4095 1178 1215 1193 1297 1295
196 347 744 986 1030 1191 1221 1215 1296 1326
191 392 655 934 484 1187 1220 1216 1298 4095
192 318 648 989 747 1177 1216 1222 1297 4095
203 305 344 980 1083 1182 1232 1228 1298 1368
190 321 470 959 1988 1186 1227 1233 1297 1302
189 387 535 1670 1281 1188 1214 1227 1297 1296
188 309 515 884 1603 1186 1213 1226 1297 1408
195 322 529 993 1028 1186 1230 1218 1298 1318
193 309 1039 854 3327 1192 1217 1207 1297 1290
197 298 800 989 408 1193 1238 1214 1298 4095
193 367 758 1628 1563 1194 1233 1218 1299 1306
192 314 539 836 862 1184 1231 1209 1298 1396
189 350 624 673 1598 1187 1222 1213 1297 1293
189 343 1248 1380 1057 1186 1219 1213 1298 1320
208 469 284 949 3575 1174 1204 1237 1298 1284
205 348 885 794 717 1198 1219 1215 1297 1358
243 624 972 993 3858 1174 1206 1211 1298 1294
190 384 520 1245 1430 1190 1213 1225 1297 1321
192 580 826 966 1883 1195 1210 1219 1298 1330
192 304 593 1023 1703 1185 1225 1211 1297 1304
196 536 560 1063 1739 1193 1210 1230 1297 1312
188 335 521 1010 790 1194 1248 1226 1299 1353
193 370 664 1009 1036 1181 1219 1207 1297 1322
197 288 761 858 4095 1181 1231 1221 1298 1334
205 567 657 942 1002 1191 1206 1211 1299 1341
217 649 529 1052 981 1173 1204 1225 1298 1314
188 431 475 928 1365 1191 1212 1214 1297 1304
193 343 793 532 1270 1187 1222 1208 1296 1294
197 336 676 1268 1347 1189 1222 1222 1297 1324
191 388 758 1462 1219 1181 1206 1205 1297 1507
192 334 585 976 1176 1189 1228 1225 1298 1340
194 376 754 1205 1001 1184 1216 1217 1296 1420
191 313 723 1050 900 1187 1225 1215 1298 1323
192 369 567 456 1035 1176 1222 1210 1295 1313
194 464 466 1016 2104 1182 1208 1223 1298 345
187 353 942 1088 1587 1188 1253 1212 1299 1364
191 367 680 891 1160 1184 1216 1216 1297 1354
195 379 608 954 1807 1183 1215 1218 1297 1306
191 576 590 834 1152 1185 1209 1215 1299 1323
186 501 709 896 1195 1182 1207 1224 1298 1317
188 660 535 1000 799 1190 1212 1232 1297 1469
201 337 871 2154 890 1187 1241 1225 1296 4095
185 322 554 883 1494 1176 1227 1217 1296 1301
191 340 724 1027 1160 1193 1218 1211 1297 1321
192 361 649 1111 312 1186 1218 1221 1297 4095
191 368 427 1019 884 1200 1222 1222 1298 1314
190 499 510 1064 433 1183 1210 1223 1298 4095
193 347 1373 1139 886 1185 1216 1208 1297 1341
190 414 468 1003 1890 1188 1207 1218 1298 1294
188 378 690 2200 710 1200 1221 1227 1297 4095
196 337 608 958 1105 1178 1225 1211 1296 1308
200 344 515 1028 612 1188 1230 1235 1298 4095
192 387 561 1124 2093 1190 1221 1229 1297 796
190 385 635 352 1464 1188 1204 1205 1297 1305
189 313 513 857 845 1183 1233 1227 1298 4095
188 325 514 518 957 1193 1225 1245 1295 1451
188 354 584 1317 456 1217 1227 1215 1297 4095
210 430 687 1048 975 1176 1212 1211 1298 1315
199 369 696 1186 1048 1187 1211 1210 1297 1337
189 410 461 975 672 1188 1210 1230 1298 4095
189 427 769 976 1338 1187 1208 1213 1298 1361
187 431 466 1082 1169 1200 1215 1220 1297 1322
199 352 861 1056 663 1183 1222 1227 1298 1381
199 386 891 463 748 1183 1218 1220 1297 1379
195 316 546 1096 754 1182 1216 1220 1297 1319
190 432 532 1060 1100 1186 1219 1218 1297 1339
197 358 1453 939 1186 1178 1219 1212 1296 1377
190 315 577 905 638 1191 1238 1211 1298 4095
186 299 559 892 1839 1188 1236 1219 1300 1310
217 330 699 1033 2302 1179 1231 1219 1298 1343
194 324 920 1076 946 1190 1217 1211 1297 1314
194 560 543 1126 1171 1186 1204 1212 1299 1303
197 337 629 1184 1125 1184 1213 1213 1297 1325
190 349 572 2216 1449 1196 1244 1242 1299 1314
188 319 993 780 2009 1188 1232 1217 1298 1305
192 333 893 1523 1590 1190 1236 1212 1298 1312
191 343 674 1134 885 1199 1226 1222 1297 1372
188 355 603 1090 1187 1185 1216 1216 1298 1319
194 315 690 1158 926 1190 1255 1221 1299 1318
211 478 536 1320 1220 1199 1216 1229 1297 1307
200 360 333 2146 2616 1187 1232 1260 1297 1298
215 339 696 980 1323 1180 1236 1222 1299 1323
195 427 731 954 1037 1181 1205 1208 1297 1311
192 680 695 1072 1820 1186 1204 1213 1299 1413
188 307 500 1017 1073 1187 1227 1226 1301 1298
197 501 518 1556 1936 1196 1223 1243 1297 1327
194 337 714 1114 853 1201 1236 1217 1298 1323
192 365 705 324 1184 1172 1198 1194 1298 1289
188 347 605 1019 935 1188 1214 1218 1298 1317
194 334 443 955 1430 1185 1230 1233 1297 1334
193 337 1182 2839 752 1208 1230 1230 1298 1330
191 623 609 918 1013 1191 1204 1212 1297 1366
194 382 635 1017 1347 1185 1220 1220 1298 1322
192 326 528 980 807 1194 1213 1217 1298 4095
188 289 579 970 1114 1188 1217 1218 1297 1306
222 342 658 1530 1119 1180 1219 1219 1297 1321
214 404 708 1099 1572 375 1217 1210 1297 467
195 373 683 843 1228 1183 1224 1223 1297 1331
188 385 596 867 1162 1185 1222 1221 1297 1346
190 362 658 944 1530 1186 1231 1219 1298 1322
189 337 596 741 1299 1195 1233 1210 1297 1332
188 400 519 1269 1195 1185 1214 1228 1297 1318
189 344 645 1187 734 1207 1251 1217 1300 1376
187 341 519 830 1444 1189 1215 1220 1297 1324
210 389 512 1847 667 1190 1213 1231 1298 4095
192 548 592 1028 1442 1187 1206 1220 1298 1301
216 465 663 1235 1028 1191 1215 1210 1296 1342
195 335 652 840 1241 1211 1233 1216 1298 1306
193 370 751 992 701 1186 1219 1208 1297 1314
202 356 547 1265 815 1199 1223 1218 1298 1381
222 321 594 1517 2045 1190 1226 1225 1297 1361
197 367 754 1153 1449 1185 1230 1228 1297 1314
192 344 800 974 1260 1184 1221 1212 1297 1329
206 491 710 1130 1363 1182 1211 1205 1298 1325
185 568 841 1095 2400 1263 1210 1223 1300 1309
189 521 1232 1147 1608 1189 1206 1205 1299 1333
204 427 468 1176 1141 1180 1219 1223 1296 1309
189 336 647 941 876 1187 1218 1212 1297 1311
192 386 579 418 1436 1183 1212 1210 1298 1312
194 418 598 970 1220 1188 1215 1223 1297 1314
189 327 733 1336 1447 1191 1238 1230 1299 1358
186 342 384 1298 499 1262 1230 1256 1300 4095
188 359 784 952 1084 1187 1212 1222 1297 1330
197 403 624 1098 2145 1193 1207 1207 1297 1318
200 345 509 805 1320 1188 1208 1232 1297 1301
202 472 609 908 971 1191 1216 1223 1297 1419
186 391 534 1294 1277 1191 1214 1214 1298 1310
198 324 1014 952 897 1195 1220 1212 1297 1313
188 333 616 1016 1039 1178 1232 1218 1298 1313
218 345 653 1066 1278 1181 1233 1213 1298 1319
192 353 1372 778 1112 1189 1228 1208 1297 1310
213 354 1970 1526 3510 1171 1238 1203 1299 1288
190 317 544 1124 804 1187 1236 1226 1298 1437
195 337 610 894 974 1180 1226 1223 1297 4095
197 325 638 966 1986 1186 1226 1214 1298 1299
202 321 826 1057 1690 1187 1220 1231 1296 1332
201 310 726 1019 762 1189 1219 1213 1297 1329
191 349 571 869 1001 1188 1206 1203 1298 1297
189 350 808 1045 1357 1202 1232 1219 1298 1326
197 357 1173 873 1346 1205 1217 1208 1297 1320
209 426 514 1727 337 1183 1216 1220 1296 4095
195 332 611 967 1011 1193 1212 1216 1297 1331
193 300 532 904 665 1183 1220 1212 1296 1369
195 544 593 1019 1700 1188 1209 1221 1298 1405
194 359 725 1619 2472 1199 1216 1224 1297 1294
193 353 435 1448 1189 1184 1219 1249 1296 1327
202 385 256 973 1685 1173 1231 1188 1298 1339
196 346 686 1441 1295 1192 1223 1230 1298 1312
193 375 660 1209 1433 1195 1220 1224 1297 0
187 603 450 1789 949 1199 1212 1236 1298 1338
201 306 406 860 1429 1183 1224 1230 1297 1420
192 329 669 1064 1028 1185 1225 1218 1298 1317
190 613 610 1517 1195 1184 1208 1223 1297 1327
198 363 564 969 941 1180 1230 1234 1298 1344
190 398 688 946 677 1186 1222 1222 1297 1312
193 326 645 884 963 1183 1233 1226 1298 1307
189 430 952 958 2065 1189 1202 1207 1297 1305
186 356 466 968 532 1183 1226 1260 1297 4095
194 417 561 817 1544 1193 1216 1220 1296 1305
187 390 578 987 1376 1191 1215 1216 1297 1295
203 613 727 1336 2701 1178 1233 1216 1299 1338
209 343 635 911 1196 1187 1225 1220 1297 1322
204 332 1129 985 1550 1182 1229 1216 1298 1117
190 303 671 900 957 1191 1224 1216 1297 1351
190 369 718 1026 968 1191 1217 1216 1297 1328
192 327 589 466 1361 1181 1210 1224 1297 1312
205 363 628 538 1451 1184 1220 1210 1297 1339
216 426 1068 1823 1019 1192 1210 1210 1289 1525
196 674 630 1360 1716 1193 1200 1209 1298 1306
205 350 654 881 987 1187 1224 1213 1298 1331
202 360 660 1582 1968 1186 1216 1228 1295 1307
193 430 760 1602 1022 1198 1218 1218 1297 1327
190 324 629 1090 1149 1197 1225 1219 1297 1326
202 602 453 1075 3007 1174 1203 1220 1298 1289
196 580 805 856 1054 1188 1207 1210 1298 1321
189 339 893 1052 807 1187 1228 1215 1297 1352
188 389 763 954 1564 1196 1234 1214 1299 1298
195 618 582 1198 2642 1186 1209 1227 1297 1292
191 533 690 1026 1313 1196 1213 1213 1298 1309
191 311 651 1195 1151 1187 1228 1230 1297 1302
196 756 1116 1484 1478 1196 1203 1213 1298 1318
208 575 470 1152 2110 1181 1214 1223 1296 1311
195 301 532 874 931 1180 1239 1213 1299 1326
196 323 832 1103 943 1184 1227 1208 1296 1303
195 360 632 1548 1011 1186 1220 1225 1296 1400
215 384 682 891 796 1188 1218 1232 1297 1325
187 306 572 906 810 1185 1230 1230 1298 1307
192 302 646 286 729 1184 1229 1212 1298 1344
230 445 741 1244 1328 1173 1213 1215 1298 1322
199 336 753 883 4095 1174 1221 1215 1298 1278
194 345 718 913 910 1189 1216 1212 1297 1309
209 316 989 969 1490 1185 1235 1201 1297 1318
189 316 607 667 1839 1191 1221 1212 1296 1299
200 338 605 1009 1063 1180 1219 1222 1297 1320
191 463 580 1572 1848 1193 1214 1220 1298 1303
192 401 606 956 1614 1184 1215 1222 1296 1303
188 379 521 1066 1155 1188 1223 1230 1297 1403
192 315 767 1004 649 1183 1235 1221 1297 1400
197 408 650 1083 1591 1190 1211 1206 1297 1320
190 317 601 937 1272 1183 1223 1224 1297 1360
191 466 839 1049 2334 1186 1212 1221 1298 1398
190 431 694 988 1422 1195 1214 1223 1298 1323
196 358 637 1087 728 1194 1232 1217 1297 4095
201 315 731 1036 2195 1191 1229 1212 1298 1301
203 322 545 1145 1653 1183 1221 1216 1297 1302
188 355 664 1877 930 1192 1245 1220 1299 1318
194 372 688 1229 1873 1192 1220 1223 1297 1363
194 358 626 935 1238 1186 1209 1209 1298 1360
194 345 611 991 1043 1184 1237 1226 1299 1323
190 394 933 670 871 1186 1210 1203 1297 1319
192 382 712 971 1520 1183 1217 1223 1298 1321
192 319 655 1077 1230 1188 1226 1210 1298 1561
187 341 574 993 1237 1198 1227 1237 1298 1385
187 313 802 879 711 1184 1228 1217 1297 4095
196 327 618 945 648 1202 1244 1237 1300 4095
194 339 679 1445 1518 1201 1218 1212 1298 1326
204 341 445 985 973 1181 1218 1218 1297 1326
195 328 943 1116 706 1178 1225 1207 1296 1367
193 345 862 1096 1189 1194 1220 1214 1298 1321
200 330 533 1100 617 1187 1210 1229 1297 4095
202 348 579 896 1289 1187 1218 1215 1297 1411
193 331 686 1197 1137 1189 1226 1223 1297 1319
194 356 1108 970 509 1186 1223 1211 1296 4095
187 332 618 993 1153 1189 1215 1223 1297 1345
231 373 658 1127 1148 1179 1214 1216 1297 1301
185 312 623 1047 1846 1186 1234 1229 1297 1413
199 326 785 943 1572 1183 1238 1220 1299 1309
190 367 614 979 1285 1195 1221 1223 1295 1306
195 310 1203 1310 1433 1181 1236 1206 1298 1316
201 321 662 1314 796 1187 1230 1226 1298 4095
197 349 661 1498 611 1181 1252 1214 1298 4095
198 307 552 879 956 1182 1223 1227 1297 1361
196 339 623 1138 1766 1184 1224 1235 1297 1309
198 353 502 919 1109 1189 1211 1212 1298 1298
193 326 621 976 666 1187 1236 1212 1298 1308
198 334 645 1014 1018 1197 1212 1220 1297 1307
190 313 618 1018 1256 1185 1227 1217 1297 1306
186 311 582 898 709 1190 1231 1229 1298 4095
200 614 641 1398 2119 1185 1206 1227 1297 1289
214 340 602 1183 1070 1175 1224 1223 1297 1337
186 331 380 1033 819 1190 1212 1233 1297 1323
227 332 611 853 1649 1185 1218 1223 1297 1302
191 318 672 1011 659 1190 1229 1216 1299 1338
190 385 533 993 582 1184 1215 1207 1297 4095
192 589 631 961 1405 1194 1212 1226 1296 1323
195 306 660 573 1093 1184 1218 1206 1295 1319
232 326 1683 846 1698 1165 1220 1192 1298 1307
193 356 710 1097 1781 1190 1221 1213 1297 1317
193 358 825 1018 1327 1189 1217 1209 1296 1300
200 345 463 903 1374 1180 1216 1225 1297 1302
187 323 435 769 593 1197 1214 1217 1297 4095
194 333 528 1017 540 1180 1239 1223 1298 1359
194 354 972 1308 1179 1196 1220 1215 1297 1337
202 412 1025 903 764 1176 1211 1216 1298 1373
191 457 449 1529 771 1186 1219 1227 1297 4095
197 373 626 1039 1352 1176 1221 1230 1298 1331
194 335 549 1103 830 1185 1245 1229 1298 1304
201 315 528 955 1395 1181 1228 1227 1297 1310
191 339 1222 867 913 1182 1208 1205 1298 1315
186 363 822 1016 956 1188 1218 1223 1297 1309
193 424 503 906 796 1179 1204 1221 1299 4095
192 360 460 959 870 1192 1216 1239 1297 1307
257 365 1109 891 2499 1165 1220 1203 1297 1291
190 340 573 1343 1618 1185 1222 1230 1297 1310
197 552 500 870 1220 1182 1202 1224 1298 1309
192 341 659 1068 1507 1184 1222 1225 1296 1335
191 333 709 1185 1462 1199 1232 1214 1299 1300
197 395 926 1343 3775 1190 1211 1208 1297 1292
190 507 996 998 628 1183 1207 1205 1297 1360
206 324 568 842 1248 1189 1232 1230 1298 1333
190 352 595 978 939 1186 1215 1215 1297 1592
197 320 885 946 680 1187 1224 1212 1296 4095
189 359 575 1110 2074 1179 1214 1221 1297 1292
191 317 564 978 1370 1182 1231 1222 1298 1324
194 587 625 914 1471 1192 1209 1218 1299 1311
186 347 559 1076 1345 1190 1226 1222 1297 1299
194 419 656 914 695 1200 1221 1217 1297 1329
199 334 624 1047 1610 1175 1219 1220 1297 1292
193 350 486 1620 1315 1182 1224 1226 1298 1334
195 324 406 653 1022 1186 1222 1236 1297 1310
191 358 718 805 888 1185 1213 1219 1297 1324
200 329 589 967 944 1180 1210 1215 1297 1462
196 305 732 1335 1585 1197 1214 1214 1298 1298
196 451 501 915 1622 1192 1211 1220 1298 1303
193 416 1761 2005 926 1198 1216 1211 1297 1311
195 364 631 990 1167 1184 1221 1220 1298 1452
189 375 594 946 750 1191 1219 1235 1297 1347
189 330 491 897 1699 1188 1230 1228 1298 1292
190 416 832 1146 441 1186 1226 1224 1297 4095
188 579 1423 993 1183 1193 1208 1208 1299 1312
190 319 749 1011 1034 1189 1220 1206 1297 1332
194 325 2102 1467 1353 1192 1240 1203 1299 1305
200 465 1019 910 1396 1183 1201 1204 1297 1328
189 391 715 1035 895 1200 1220 1215 1298 1356
199 356 622 911 586 1183 1211 1226 1297 1364
191 352 654 1542 1005 1198 1230 1218 1298 1322
197 350 432 1021 1300 1188 1221 1212 1297 1312
193 355 419 1155 960 1187 1228 1236 1297 1310
191 349 568 979 838 1199 1246 1224 1300 1318
189 339 659 1053 1439 1196 1226 1216 1299 1325
189 351 741 1296 825 1188 1216 1214 1297 4095
193 322 752 1088 1221 1191 1226 1219 1298 1350
205 381 664 1274 1317 1179 1237 1219 1299 1319
191 347 934 1089 1272 1192 1227 1210 1299 1319
187 374 576 946 1280 1188 1215 1234 1297 1349
205 340 663 1325 992 1183 1216 1221 1297 1337
192 321 800 1798 1056 1198 1243 1215 1297 1342
191 350 803 1186 1219 1191 1227 1213 1297 1315
192 336 813 498 1383 1177 1223 1214 1297 1417
203 366 629 857 1380 1192 1238 1212 1298 1311
193 321 577 891 1366 1195 1217 1215 1297 1325
185 618 569 1162 1838 1187 1217 1232 1297 1442
195 450 566 857 1622 1194 1212 1218 1298 1313
189 354 533 941 720 1190 1218 1213 1297 1317
191 355 835 926 2275 1183 1213 1226 1297 1301
238 674 515 1860 1599 1186 1207 1226 1298 1300
192 418 717 911 1915 1183 1211 1206 1297 1395
188 493 611 947 586 1195 1214 1230 1296 1358
193 375 603 1128 3484 1179 1218 1217 1297 1283
190 374 694 1015 1272 1188 1221 1216 1298 1316
193 307 713 990 1146 1210 1234 1223 1298 1324
192 346 478 552 1804 1183 1216 1225 1296 1420
186 330 608 499 1558 1172 1215 1213 1297 1312
208 357 638 954 1127 1176 1231 1219 1298 1327
191 466 529 985 704 1199 1212 1223 1297 1329
194 456 736 960 729 1203 1213 1220 1298 1362
193 305 520 465 1162 1190 1228 1219 1297 1298
198 345 515 998 1105 1180 1224 1220 1298 1319
198 352 616 1050 1217 1187 1217 1216 1297 1322
198 417 709 805 2954 1185 1216 1212 1298 896
185 360 708 802 745 1195 1215 1209 1294 1359
187 312 813 860 1085 1187 1214 1211 1296 4095
189 358 611 864 1385 615 1212 646 1298 744
223 357 1305 1330 1658 1179 1213 1201 1297 1320
202 370 495 1469 1515 1182 1228 1216 1297 1419
211 348 584 986 919 1188 1213 1214 1297 1327
241 602 651 1176 4095 1181 1210 1228 1297 1290
188 438 229 1061 1942 1192 1208 1263 1298 1329
207 393 506 1126 645 1189 1225 1217 1298 73
196 557 584 892 1856 1182 1204 1213 1300 1328
194 398 722 1379 1324 1194 1226 1210 1298 1344
191 339 648 836 978 1182 1215 1206 1297 1317
189 322 559 924 1325 1194 1229 1210 1298 1408
189 448 472 1085 2405 1160 1213 1206 1297 1280
191 379 581 1130 1196 1188 1215 1218 1298 1302
186 339 489 1117 943 1198 1221 1218 1297 1312
193 563 1805 1504 953 1187 1206 1214 1298 1331
195 309 869 1446 1488 0 1228 0 1297 0
192 466 653 1372 1200 1189 1213 1213 1297 1310
187 332 876 1262 947 1182 1251 1219 1298 1319
197 389 480 946 840 1193 1206 1220 1298 1323
196 346 910 974 3230 1182 1224 1210 1296 1298
193 359 760 861 951 1188 1239 1210 1298 1338
193 337 787 1430 1189 1189 1222 1211 1297 1311
192 364 694 903 909 1202 1228 1231 1315 4095
190 334 1272 910 1232 1194 1232 1210 1298 1577
196 410 592 963 445 1184 1204 1223 1298 4095
201 331 663 1811 863 1199 1230 1213 1298 4095
191 355 619 983 1470 1184 1212 1223 1297 1325
188 338 660 923 1793 1195 1220 1222 1297 1306
186 356 659 971 1133 1187 1216 1226 1296 1303
212 381 594 1004 1293 1183 1249 1208 1302 1301
188 386 649 1123 1041 1193 1223 1220 1297 1329
196 338 708 1835 1404 1188 1218 1213 1298 1310
207 292 608 924 1271 1183 1224 1217 1297 1303
191 310 595 889 962 1200 1231 1221 1298 1308
191 341 696 964 3507 1185 1229 1211 1297 1292
198 362 683 884 2121 1184 1213 1219 1297 1407
203 326 956 1028 1313 1179 1212 1203 1298 1327
188 374 553 1119 1278 1195 1215 1220 1297 1349
189 362 598 1039 696 1182 1222 1224 1298 1357
189 386 410 1169 562 1185 1223 1251 1297 4095
188 326 497 945 1404 1199 1230 1234 1298 925
195 367 608 1270 991 1187 1222 1227 1297 1344
191 354 576 1328 1219 1187 1230 1224 1297 1340
197 428 657 1020 953 1181 1212 1220 1297 1317
189 302 643 957 1666 1195 1226 1228 1298 1312
198 350 1009 1458 1147 1191 1226 1216 1297 1321
191 313 578 1226 635 1195 1232 1226 1298 4095
188 338 514 870 1572 1183 1220 1234 1298 1297
212 359 728 945 1106 1183 1220 1216 1297 1315
209 339 558 1510 1247 1194 1244 1235 1310 1331
193 351 673 967 796 1187 1227 1219 1298 1315
194 348 570 1015 1339 1194 1214 1223 1297 1312
193 392 674 1184 855 1198 1216 1214 1297 1328
193 375 671 889 1283 1192 1224 1223 1297 1345
193 318 525 997 1106 1194 1224 1217 1297 1332
210 325 904 854 1091 1195 1224 1220 1298 1315
192 327 638 1092 1162 1190 1224 1217 1298 1326
