135 157 133 114 81 4095 4095 4095 4095 4095
4095 347 192 127 333 1311 4095 4095 4095 1744
175 166 160 119 104 1308 4095 4095 4095 4095
139 160 162 114 138 1308 4095 4095 4095 4095
151 159 140 117 72 1307 4095 4095 4095 4095
133 161 157 196 121 4095 4095 4095 1300 4095
175 166 157 118 84 1308 4095 4095 4095 4095
133 154 137 175 155 4095 4095 4095 1298 4095
134 154 139 108 147 1307 4095 4095 4095 4095
132 159 163 138 131 4095 4095 4095 1299 4095
141 162 152 106 159 1307 4095 4095 4095 4095
131 206 135 113 83 4095 4095 4095 4095 4095
137 158 241 111 167 4095 4095 1320 4095 4095
126 159 149 135 197 4095 4095 4095 1300 4095
151 153 132 111 96 1308 4095 4095 4095 4095
149 151 131 112 111 1307 4095 4095 4095 4095
153 158 124 104 142 1308 4095 4095 4095 4095
305 162 166 115 134 1308 4095 4095 4095 4095
187 158 121 105 134 1307 4095 4095 4095 4095
186 155 133 111 94 1308 4095 4095 4095 4095
130 160 132 152 144 4095 4095 4095 1299 4095
132 157 134 177 85 4095 4095 4095 1299 4095
141 159 152 111 167 1308 4095 4095 4095 4095
153 167 161 118 100 1307 4095 4095 4095 4095
149 162 162 115 131 1307 4095 4095 4095 4095
147 157 147 103 198 1307 4095 4095 4095 4095
158 161 156 113 113 1307 4095 4095 4095 4095
178 159 148 112 167 1307 4095 4095 4095 4095
125 160 225 115 151 4095 4095 1320 4095 4095
148 161 132 108 151 1308 4095 4095 4095 4095
130 165 171 119 135 1307 4095 4095 4095 4095
314 157 150 111 182 1306 4095 4095 4095 4095
162 162 168 115 147 1308 4095 4095 4095 4095
142 158 120 105 152 4095 4095 4095 4095 4095
167 157 123 103 148 1307 4095 4095 4095 4095
239 162 157 114 113 1306 4095 4095 4095 4095
176 164 167 119 121 1307 4095 4095 4095 4095
158 159 135 108 163 1306 4095 4095 4095 4095
161 159 119 106 143 1306 4095 4095 4095 4095
157 159 121 104 147 1307 4095 4095 4095 4095
140 162 162 115 125 1308 4095 4095 4095 4095
161 165 167 119 135 1307 4095 4095 4095 4095
169 161 156 114 117 1306 4095 4095 4095 4095
140 159 148 111 169 1307 4095 4095 4095 4095
223 158 158 113 153 1307 4095 4095 4095 4095
305 159 120 103 133 1308 4095 4095 4095 4095
155 155 134 114 88 1307 4095 4095 4095 4095
148 163 143 117 79 1307 4095 4095 4095 4095
171 158 149 106 201 1307 4095 4095 4095 4095
129 156 221 105 202 4095 4095 4095 4095 4095
137 162 157 157 130 4095 4095 4095 1298 4095
150 160 148 109 185 1306 4095 4095 4095 4095
147 159 144 112 162 1308 4095 4095 4095 4095
134 161 164 116 120 1308 4095 4095 4095 4095
136 158 123 168 145 4095 4095 4095 1299 4095
149 154 133 112 95 1307 4095 4095 4095 4095
126 157 210 114 79 4095 4095 1320 4095 4095
129 161 160 113 142 1307 4095 4095 4095 4095
1113 208 181 116 203 1309 4095 4095 4095 4095
182 166 158 119 89 1307 4095 4095 4095 4095
129 164 159 171 116 4095 4095 4095 1300 4095
129 161 149 170 177 4095 4095 4095 1299 4095
177 156 136 109 160 1307 4095 4095 4095 4095
131 160 222 116 71 4095 4095 1320 4095 4095
504 159 123 107 146 1308 4095 4095 4095 4095
139 156 136 113 98 1308 4095 4095 4095 4095
165 153 134 112 108 1307 4095 4095 4095 4095
205 158 132 103 184 1307 4095 4095 4095 4095
154 158 123 104 147 1306 4095 4095 4095 4095
255 210 169 127 64 1306 4095 4095 4095 4095
135 156 140 108 154 1308 4095 4095 4095 4095
563 196 185 122 118 1307 4095 4095 4095 4095
134 155 150 175 173 4095 4095 4095 1298 4095
136 153 134 192 161 4095 4095 4095 1299 4095
160 161 171 116 143 1307 4095 4095 4095 4095
138 160 149 111 177 1308 4095 4095 4095 4095
144 164 159 114 122 1308 4095 4095 4095 4095
127 157 128 135 167 4095 4095 4095 1299 4095
140 160 123 107 134 1308 4095 4095 4095 4095
166 160 162 116 124 1307 4095 4095 4095 4095
142 152 142 109 121 4095 4095 4095 4095 4095
132 162 157 114 121 1307 4095 4095 4095 4095
175 163 171 118 135 1307 4095 4095 4095 4095
154 155 147 111 172 1308 4095 4095 4095 4095
230 158 150 109 193 1306 4095 4095 4095 4095
146 160 137 114 72 1308 4095 4095 4095 4095
134 164 531 118 136 4095 4095 1319 4095 4095
131 156 127 102 160 1307 4095 4095 4095 4095
123 158 150 151 204 4095 4095 4095 1299 4095
131 159 151 109 186 1308 4095 4095 4095 4095
695 153 143 109 131 1308 4095 4095 4095 4095
147 153 134 113 88 1307 4095 4095 4095 4095
132 162 162 114 149 1307 4095 4095 4095 4095
140 166 160 119 106 1307 4095 4095 4095 4095
150 163 157 114 114 1307 4095 4095 4095 4095
140 165 165 118 119 1308 4095 4095 4095 4095
134 152 527 111 121 4095 4095 1320 4095 4095
237 149 135 112 113 1308 4095 4095 4095 4095
142 163 266 117 136 4095 4095 1321 4095 4095
146 164 157 115 107 1308 4095 4095 4095 4095
141 158 149 107 188 1307 4095 4095 4095 4095
137 153 138 184 131 4095 4095 4095 1299 4095
147 153 136 107 161 1307 4095 4095 4095 4095
140 154 134 111 101 1307 4095 4095 4095 4095
135 156 148 174 202 4095 4095 4095 1299 4095
136 163 161 116 121 1307 4095 4095 4095 4095
127 166 165 140 124 4095 4095 4095 1299 4095
680 165 160 115 116 1308 4095 4095 4095 4095
1635 203 176 118 169 1308 4095 4095 4095 4095
149 153 133 108 164 1308 4095 4095 4095 4095
134 155 134 113 87 1308 4095 4095 4095 4095
570 218 205 127 119 1307 4095 4095 4095 4095
148 157 146 111 165 1307 4095 4095 4095 4095
146 156 120 106 135 1307 4095 4095 4095 4095
146 152 133 114 97 1307 4095 4095 4095 4095
131 152 269 109 136 4095 4095 1321 4095 4095
182 155 139 108 156 1307 4095 4095 4095 4095
180 153 132 113 93 1306 4095 4095 4095 4095
149 163 156 114 113 1307 4095 4095 4095 4095
185 163 137 116 76 1306 4095 4095 4095 4095
150 165 160 115 114 1306 4095 4095 4095 4095
176 162 161 114 136 1307 4095 4095 4095 4095
114 164 150 162 200 4095 4095 4095 1299 4095
170 157 136 108 157 1306 4095 4095 4095 4095
129 165 163 115 120 1308 4095 4095 4095 4095
137 156 134 108 159 1307 4095 4095 4095 4095
148 163 169 115 137 1308 4095 4095 4095 4095
147 161 138 116 72 1308 4095 4095 4095 4095
123 160 149 165 182 4095 4095 4095 1299 4095
134 157 149 186 205 4095 4095 4095 1299 4095
162 155 134 109 160 1307 4095 4095 4095 4095
144 151 139 110 124 1307 4095 4095 4095 4095
152 162 139 116 71 1307 4095 4095 4095 4095
135 156 122 198 134 4095 4095 4095 1299 4095
133 161 130 131 145 4095 4095 4095 1298 4095
133 162 257 114 114 4095 4095 1320 4095 4095
134 163 264 116 133 4095 4095 1320 4095 4095
155 151 139 110 136 1307 4095 4095 4095 4095
162 164 173 117 135 1307 4095 4095 4095 4095
159 163 170 116 135 1308 4095 4095 4095 4095
137 159 163 114 124 1307 4095 4095 4095 4095
143 158 133 108 154 1308 4095 4095 4095 4095
171 153 140 109 118 1307 4095 4095 4095 4095
129 158 148 108 196 1308 4095 4095 4095 4095
164 152 140 108 157 1307 4095 4095 4095 4095
156 155 139 108 161 1307 4095 4095 4095 4095
187 166 167 119 122 1306 4095 4095 4095 4095
143 161 124 108 134 1308 4095 4095 4095 4095
135 159 136 115 80 1307 4095 4095 4095 4095
126 165 164 139 110 4095 4095 4095 4095 4095
1293 220 177 130 52 1307 4095 4095 4095 4095
177 215 187 247 142 4095 4095 4095 1299 4095
155 155 135 114 83 1307 4095 4095 4095 4095
127 158 276 104 202 4095 4095 1320 4095 4095
132 156 150 521 160 4095 4095 4095 1299 4095
136 164 236 118 124 4095 4095 1320 4095 4095
142 156 149 113 156 1308 4095 4095 4095 4095
133 166 157 115 105 1307 4095 4095 4095 4095
144 157 162 113 167 1307 4095 4095 4095 4095
156 157 134 108 148 1307 4095 4095 4095 4095
190 158 129 107 143 1307 4095 4095 4095 4095
165 162 138 116 72 1307 4095 4095 4095 4095
350 157 147 105 196 1307 4095 4095 4095 4095
233 164 171 118 136 1307 4095 4095 4095 4095
158 151 139 108 141 1307 4095 4095 4095 4095
160 161 139 116 72 1308 4095 4095 4095 4095
154 159 150 110 175 1306 4095 4095 4095 4095
163 159 131 109 136 1306 4095 4095 4095 4095
130 156 133 137 163 4095 4095 4095 1300 4095
218 169 165 119 141 1308 4095 4095 4095 4095
182 148 134 110 112 1308 4095 4095 4095 4095
152 155 133 112 88 1308 4095 4095 4095 4095
501 162 166 114 134 1308 4095 4095 4095 4095
153 163 162 116 114 1308 4095 4095 4095 4095
175 165 171 118 136 1308 4095 4095 4095 4095
144 159 150 109 194 1308 4095 4095 4095 4095
140 154 131 111 112 1307 4095 4095 4095 4095
140 159 139 116 79 1307 4095 4095 4095 4095
165 157 152 110 171 1306 4095 4095 4095 4095
385 161 163 116 128 1307 4095 4095 4095 4095
142 158 131 103 189 1308 4095 4095 4095 4095
166 160 121 105 137 1306 4095 4095 4095 4095
179 163 157 113 113 1307 4095 4095 4095 4095
119 161 238 116 134 4095 4095 1320 4095 4095
137 157 135 114 82 1307 4095 4095 4095 4095
148 160 158 114 130 1308 4095 4095 4095 4095
449 205 196 124 200 1307 4095 4095 4095 4095
158 159 122 105 137 1306 4095 4095 4095 4095
155 155 135 107 158 1306 4095 4095 4095 4095
172 163 170 116 137 1307 4095 4095 4095 4095
167 169 158 119 81 1306 4095 4095 4095 4095
148 171 158 120 47 1306 4095 4095 4095 4095
162 164 169 118 121 1307 4095 4095 4095 4095
128 157 139 151 117 4095 4095 4095 1299 4095
147 158 123 105 139 1307 4095 4095 4095 4095
148 161 160 114 154 1308 4095 4095 4095 4095
670 160 150 104 202 1307 4095 4095 4095 4095
179 163 161 116 127 1307 4095 4095 4095 4095
131 157 148 130 191 4095 4095 4095 1298 4095
126 159 134 165 85 4095 4095 4095 1299 4095
646 201 212 126 155 1308 4095 4095 4095 4095
174 161 163 115 136 1307 4095 4095 4095 4095
181 155 135 108 163 1307 4095 4095 4095 4095
115 159 297 111 61 4095 4095 1320 4095 4095
205 225 218 128 189 1308 4095 4095 4095 4095
128 155 135 108 151 1308 4095 4095 4095 4095
129 158 201 108 157 4095 4095 1320 4095 4095
125 166 224 119 78 4095 4095 4095 4095 4095
147 162 159 114 121 1306 4095 4095 4095 4095
141 159 124 108 134 1308 4095 4095 4095 4095
177 159 137 115 75 1306 4095 4095 4095 4095
143 164 160 115 113 1307 4095 4095 4095 4095
124 163 160 986 120 4095 4095 4095 1300 4095
192 165 161 119 94 1307 4095 4095 4095 4095
136 157 132 103 174 1308 4095 4095 4095 4095
167 150 137 109 127 1306 4095 4095 4095 4095
171 159 123 108 136 1306 4095 4095 4095 4095
148 147 129 112 114 1308 4095 4095 4095 4095
162 154 133 111 106 1306 4095 4095 4095 4095
142 150 138 109 138 1308 4095 4095 4095 4095
167 163 141 117 72 1307 4095 4095 4095 4095
164 153 140 109 141 1307 4095 4095 4095 4095
168 162 141 118 73 1306 4095 4095 4095 4095
170 163 156 115 114 1307 4095 4095 4095 4095
169 153 140 108 148 1306 4095 4095 4095 4095
143 163 139 117 78 1308 4095 4095 4095 4095
124 160 160 153 145 4095 4095 4095 1299 4095
141 161 162 115 130 1307 4095 4095 4095 4095
1410 222 174 129 50 1309 4095 4095 4095 4095
173 158 135 114 91 1306 4095 4095 4095 4095
127 157 148 111 159 1307 4095 4095 4095 4095
221 159 160 114 149 1307 4095 4095 4095 4095
158 159 122 105 131 1307 4095 4095 4095 4095
172 152 139 108 146 1307 4095 4095 4095 4095
127 151 275 109 155 4095 4095 1319 4095 4095
126 167 344 120 87 4095 4095 1320 4095 4095
4095 250 251 139 160 1308 4095 4095 4095 4095
174 159 166 114 135 1308 4095 4095 4095 4095
134 164 171 117 139 1308 4095 4095 4095 4095
131 161 163 160 127 4095 4095 4095 1299 4095
229 155 142 108 157 1308 4095 4095 4095 4095
133 161 170 115 140 1307 4095 4095 4095 4095
128 154 139 107 149 1307 4095 4095 4095 4095
159 163 140 116 74 1307 4095 4095 4095 4095
143 210 197 1022 284 4095 4095 4095 1298 4095
150 160 137 114 72 1307 4095 4095 4095 4095
151 159 127 107 138 1308 4095 4095 4095 4095
180 152 138 109 136 1306 4095 4095 4095 4095
136 163 261 118 72 4095 4095 1320 4095 4095
135 159 159 134 143 4095 4095 4095 1299 4095
227 156 149 105 195 1308 4095 4095 4095 4095
126 161 154 114 143 1308 4095 4095 4095 4095
130 162 148 130 147 4095 4095 4095 1299 4095
165 163 159 113 128 1306 4095 4095 4095 4095
174 156 122 104 147 1307 4095 4095 4095 4095
133 150 137 109 135 1307 4095 4095 4095 4095
1362 209 169 126 71 1308 4095 4095 4095 4095
134 161 121 183 139 4095 4095 4095 1299 4095
136 153 139 110 113 1307 4095 4095 4095 4095
152 162 159 114 117 1308 4095 4095 4095 4095
151 160 124 107 128 1307 4095 4095 4095 4095
383 156 136 114 91 1307 4095 4095 4095 4095
159 165 170 118 125 1307 4095 4095 4095 4095
2120 225 225 130 433 1308 4095 4095 4095 1649
125 158 152 172 189 4095 4095 4095 1299 4095
261 159 162 113 138 1307 4095 4095 4095 4095
171 159 129 109 132 1307 4095 4095 4095 4095
129 152 200 112 88 4095 4095 4095 4095 4095
147 152 131 111 101 1309 4095 4095 4095 4095
132 162 162 116 130 1307 4095 4095 4095 4095
165 150 133 108 184 1307 4095 4095 4095 4095
131 151 196 111 121 4095 4095 4095 4095 4095
144 157 122 107 138 1307 4095 4095 4095 4095
145 156 148 107 199 1307 4095 4095 4095 4095
175 163 160 114 123 1307 4095 4095 4095 4095
170 160 134 114 83 1307 4095 4095 4095 4095
149 163 167 115 73 1307 4095 4095 4095 4095
158 157 149 107 205 1307 4095 4095 4095 4095
160 158 151 108 193 1307 4095 4095 4095 4095
129 157 129 103 174 1306 4095 4095 4095 4095
127 162 351 115 143 4095 4095 1320 4095 4095
150 159 125 108 141 1308 4095 4095 4095 4095
123 165 167 201 122 4095 4095 4095 1299 4095
147 158 137 116 74 1308 4095 4095 4095 4095
175 159 166 114 137 1307 4095 4095 4095 4095
142 160 131 109 148 1308 4095 4095 4095 4095
129 158 148 647 202 4095 4095 4095 1299 4095
126 167 165 144 118 4095 4095 4095 1299 4095
158 161 166 115 136 1307 4095 4095 4095 4095
134 160 163 171 135 4095 4095 4095 1298 4095
119 161 150 182 171 4095 4095 4095 1299 4095
130 171 194 109 145 4095 4095 4095 4095 4095
139 157 135 153 88 4095 4095 4095 1299 4095
138 161 194 108 152 4095 4095 4095 4095 4095
164 161 143 118 133 1306 4095 4095 4095 4095
121 162 251 115 130 4095 4095 1320 4095 4095
160 162 166 114 127 1307 4095 4095 4095 4095
130 158 293 103 147 4095 4095 1319 4095 4095
149 162 170 117 130 1308 4095 4095 4095 4095
153 162 142 118 73 1308 4095 4095 4095 4095
143 157 136 102 195 1307 4095 4095 4095 4095
121 156 152 134 194 4095 4095 4095 1299 4095
148 158 149 108 195 1308 4095 4095 4095 4095
152 160 156 114 118 1307 4095 4095 4095 4095
121 156 135 145 101 4095 4095 4095 1299 4095
125 343 160 115 118 4095 1326 4095 4095 4095
125 160 149 179 186 4095 4095 4095 1299 4095
228 163 171 116 140 1307 4095 4095 4095 4095
235 157 152 108 245 1306 4095 4095 4095 4095
166 158 148 104 207 1306 4095 4095 4095 4095
127 163 158 683 116 4095 4095 4095 1297 4095
133 160 246 115 78 4095 4095 1320 4095 4095
664 158 151 107 191 1307 4095 4095 4095 4095
145 159 124 108 126 1307 4095 4095 4095 4095
127 212 126 111 109 4095 1326 4095 4095 4095
187 155 134 108 160 1307 4095 4095 4095 4095
138 154 132 103 173 1307 4095 4095 4095 4095
130 156 150 128 180 4095 4095 4095 4095 4095
138 154 135 153 93 4095 4095 4095 1298 4095
141 163 161 113 129 1308 4095 4095 4095 4095
99 159 232 102 189 4095 4095 1320 4095 4095
181 152 132 111 99 1306 4095 4095 4095 4095
197 158 135 114 81 1307 4095 4095 4095 4095
192 156 136 114 90 1307 4095 4095 4095 4095
198 160 131 109 142 1307 4095 4095 4095 4095
160 154 138 107 155 1307 4095 4095 4095 4095
164 155 136 108 158 1307 4095 4095 4095 4095
135 163 168 157 144 4095 4095 4095 1299 4095
127 165 164 116 159 1309 4095 4095 4095 4095
128 160 134 159 85 4095 4095 4095 1298 4095
150 163 164 115 112 1307 4095 4095 4095 4095
131 157 148 150 196 4095 4095 4095 1299 4095
173 156 150 113 159 1306 4095 4095 4095 4095
135 159 212 105 139 4095 4095 1321 4095 4095
144 164 156 115 104 1308 4095 4095 4095 4095
131 164 170 195 144 4095 4095 4095 1298 4095
136 161 161 113 132 1307 4095 4095 4095 4095
157 159 148 105 188 1306 4095 4095 4095 4095
153 158 128 102 176 1307 4095 4095 4095 4095
163 156 126 103 164 1307 4095 4095 4095 4095
134 166 164 182 108 4095 4095 4095 1298 4095
172 164 155 115 112 1307 4095 4095 4095 4095
153 159 148 105 212 1307 4095 4095 4095 4095
269 160 124 106 139 1308 4095 4095 4095 4095
133 163 156 908 113 4095 4095 4095 1299 4095
153 159 152 111 180 1308 4095 4095 4095 4095
142 153 138 109 128 1308 4095 4095 4095 4095
158 162 163 114 129 1307 4095 4095 4095 4095
141 159 136 135 84 4095 4095 4095 1298 4095
175 154 136 113 99 1307 4095 4095 4095 4095
133 163 229 114 134 4095 4095 1320 4095 4095
151 151 140 110 125 1307 4095 4095 4095 4095
128 158 248 105 200 4095 4095 1320 4095 4095
140 157 151 107 195 1308 4095 4095 4095 4095
125 165 237 117 135 4095 4095 1321 4095 4095
143 161 154 115 112 1308 4095 4095 4095 4095
154 158 148 107 196 1307 4095 4095 4095 4095
160 158 133 109 162 1307 4095 4095 4095 4095
129 156 132 167 97 4095 4095 4095 1299 4095
165 160 120 106 114 1308 4095 4095 4095 4095
147 160 132 108 152 1307 4095 4095 4095 4095
152 162 154 115 100 1308 4095 4095 4095 4095
129 158 120 140 137 4095 4095 4095 1299 4095
413 159 130 109 138 1308 4095 4095 4095 4095
203 152 138 110 117 1308 4095 4095 4095 4095
170 166 165 118 123 1307 4095 4095 4095 4095
139 155 139 108 154 1308 4095 4095 4095 4095
147 164 140 116 76 1308 4095 4095 4095 4095
535 161 123 107 137 1307 4095 4095 4095 4095
131 158 121 129 136 4095 4095 4095 1299 4095
180 165 167 118 126 1306 4095 4095 4095 4095
935 232 161 117 179 1307 4095 4095 4095 4095
138 158 134 108 149 1308 4095 4095 4095 4095
135 161 158 114 112 4095 4095 4095 4095 4095
135 167 166 118 127 1308 4095 4095 4095 4095
131 158 248 103 148 4095 4095 1321 4095 4095
129 161 217 111 172 4095 4095 1320 4095 4095
147 161 129 108 141 1308 4095 4095 4095 4095
123 157 252 108 200 4095 4095 1320 4095 4095
133 149 140 110 152 1308 4095 4095 4095 4095
127 163 245 117 73 4095 4095 1320 4095 4095
167 160 138 115 74 1307 4095 4095 4095 4095
149 163 158 113 108 1308 4095 4095 4095 4095
141 163 162 115 121 1308 4095 4095 4095 4095
129 160 149 132 192 4095 4095 4095 1298 4095
148 162 157 115 102 1308 4095 4095 4095 4095
174 162 168 114 129 1307 4095 4095 4095 4095
125 159 150 146 196 4095 4095 4095 1299 4095
133 156 127 132 158 4095 4095 4095 1299 4095
176 161 161 114 138 1307 4095 4095 4095 4095
129 160 246 114 149 4095 4095 1319 4095 4095
174 155 132 107 153 1306 4095 4095 4095 4095
170 150 139 109 136 1307 4095 4095 4095 4095
124 161 163 970 134 4095 4095 4095 1299 4095
141 158 122 105 142 1308 4095 4095 4095 4095
225 151 141 108 138 1307 4095 4095 4095 4095
161 159 148 105 198 1305 4095 4095 4095 4095
149 154 136 108 160 1307 4095 4095 4095 4095
177 208 210 125 156 1309 4095 4095 4095 4095
127 158 124 107 127 1308 4095 4095 4095 4095
177 162 161 114 158 1307 4095 4095 4095 4095
165 164 154 113 118 1307 4095 4095 4095 4095
147 166 159 118 89 1308 4095 4095 4095 4095
140 160 167 115 132 1308 4095 4095 4095 4095
149 162 154 114 109 1308 4095 4095 4095 4095
147 157 121 103 144 1307 4095 4095 4095 4095
146 162 127 108 135 1307 4095 4095 4095 4095
195 162 156 115 113 1307 4095 4095 4095 4095
279 164 168 118 134 1306 4095 4095 4095 4095
150 160 152 111 168 1308 4095 4095 4095 4095
156 154 136 113 100 1308 4095 4095 4095 4095
157 153 130 110 113 1306 4095 4095 4095 4095
156 159 130 108 145 1308 4095 4095 4095 4095
341 229 216 131 119 1307 4095 4095 4095 4095
131 165 168 179 125 4095 4095 4095 1298 4095
136 156 134 115 103 1308 4095 4095 4095 4095
143 163 155 114 116 1308 4095 4095 4095 4095
167 159 150 106 197 1306 4095 4095 4095 4095
144 157 146 104 205 1307 4095 4095 4095 4095
171 152 141 108 147 1307 4095 4095 4095 4095
134 159 223 116 74 4095 4095 1320 4095 4095
165 155 136 107 156 1307 4095 4095 4095 4095
167 153 132 113 86 1308 4095 4095 4095 4095
139 163 171 115 139 1308 4095 4095 4095 4095
159 157 155 113 158 1307 4095 4095 4095 4095
140 163 142 117 74 1307 4095 4095 4095 4095
146 158 132 108 151 1308 4095 4095 4095 4095
141 149 138 109 135 1307 4095 4095 4095 4095
158 156 150 111 169 1307 4095 4095 4095 4095
161 153 132 111 96 1307 4095 4095 4095 4095
173 162 123 106 136 1307 4095 4095 4095 4095
218 151 140 109 129 1308 4095 4095 4095 4095
174 160 121 107 138 1307 4095 4095 4095 4095
188 160 128 107 143 1307 4095 4095 4095 4095
144 157 135 113 75 1308 4095 4095 4095 4095
146 151 137 110 139 1307 4095 4095 4095 4095
144 156 137 108 154 1306 4095 4095 4095 4095
134 156 146 163 155 4095 4095 4095 1300 4095
140 156 129 103 165 1309 4095 4095 4095 4095
154 163 171 118 139 1307 4095 4095 4095 4095
124 162 250 113 133 4095 4095 1320 4095 4095
125 160 259 108 186 4095 4095 1320 4095 4095
134 167 301 120 86 4095 4095 1320 4095 4095
1231 269 265 142 146 1307 4095 4095 4095 4095
131 163 123 583 135 4095 4095 4095 1298 4095
139 162 166 183 136 4095 4095 4095 1298 4095
249 159 162 114 131 1308 4095 4095 4095 4095
142 161 167 114 115 1307 4095 4095 4095 4095
172 161 162 115 120 1307 4095 4095 4095 4095
169 166 165 117 126 1307 4095 4095 4095 4095
214 155 126 104 158 1307 4095 4095 4095 4095
145 154 134 112 106 1307 4095 4095 4095 4095
124 159 150 1400 196 4095 4095 4095 1300 4095
127 161 130 149 143 4095 4095 4095 1299 4095
135 214 363 117 252 4095 4095 1319 4095 4095
134 158 269 108 131 4095 4095 1320 4095 4095
153 159 149 111 176 1308 4095 4095 4095 4095
146 163 167 114 144 1308 4095 4095 4095 4095
154 164 154 115 110 1307 4095 4095 4095 4095
316 213 186 118 192 1307 4095 4095 4095 4095
143 158 135 116 74 1308 4095 4095 4095 4095
142 163 170 115 88 1307 4095 4095 4095 4095
292 196 208 124 148 1306 4095 4095 4095 4095
141 160 120 107 140 1308 4095 4095 4095 4095
165 162 159 113 122 1307 4095 4095 4095 4095
132 167 164 118 112 4095 4095 4095 4095 4095
129 155 141 108 157 1307 4095 4095 4095 4095
137 294 136 109 140 4095 1326 4095 4095 4095
144 158 146 103 197 1307 4095 4095 4095 4095
3251 199 170 112 159 1310 4095 4095 4095 4095
145 156 126 102 169 1308 4095 4095 4095 4095
194 154 138 108 161 1308 4095 4095 4095 4095
136 165 156 118 81 1308 4095 4095 4095 4095
149 157 151 107 197 1308 4095 4095 4095 4095
126 150 139 154 124 4095 4095 4095 1300 4095
144 167 158 119 84 1308 4095 4095 4095 4095
160 163 160 114 136 1307 4095 4095 4095 4095
171 234 493 132 176 4095 4095 1320 4095 4095
147 159 121 106 137 1308 4095 4095 4095 4095
175 163 158 114 130 1307 4095 4095 4095 4095
143 163 161 114 113 1307 4095 4095 4095 4095
133 163 170 115 133 1307 4095 4095 4095 4095
134 156 133 136 90 4095 4095 4095 1299 4095
142 157 120 104 141 1307 4095 4095 4095 4095
133 157 148 108 191 4095 4095 4095 4095 4095
160 156 137 114 89 1307 4095 4095 4095 4095
158 155 133 111 115 1307 4095 4095 4095 4095
133 160 163 152 137 4095 4095 4095 1299 4095
244 210 197 126 112 1308 4095 4095 4095 4095
215 166 157 115 113 1306 4095 4095 4095 4095
141 157 137 116 76 1307 4095 4095 4095 4095
153 158 132 108 155 1307 4095 4095 4095 4095
130 156 136 152 85 4095 4095 4095 1298 4095
180 161 166 114 145 1307 4095 4095 4095 4095
162 161 142 117 83 1307 4095 4095 4095 4095
121 159 132 128 143 4095 4095 4095 1298 4095
202 150 141 110 133 1308 4095 4095 4095 4095
182 162 160 114 157 1307 4095 4095 4095 4095
162 156 138 112 79 1307 4095 4095 4095 4095
147 166 161 118 89 1308 4095 4095 4095 4095
128 150 138 159 118 4095 4095 4095 1299 4095
731 168 170 118 134 1309 4095 4095 4095 4095
122 157 312 111 162 4095 4095 4095 4095 4095
163 159 150 111 184 1306 4095 4095 4095 4095
123 157 149 150 188 4095 4095 4095 1299 4095
107 160 150 164 190 4095 4095 4095 1300 4095
167 165 145 119 85 1307 4095 4095 4095 4095
160 164 170 117 130 1307 4095 4095 4095 4095
281 211 223 125 164 1309 4095 4095 4095 4095
136 163 161 115 144 1308 4095 4095 4095 4095
174 154 140 108 160 1307 4095 4095 4095 4095
165 159 122 107 137 1307 4095 4095 4095 4095
131 164 161 143 100 4095 4095 4095 1299 4095
133 152 134 161 163 4095 4095 4095 1299 4095
143 161 138 118 72 1307 4095 4095 4095 4095
138 163 143 1077 78 4095 4095 4095 1299 4095
195 160 151 109 181 1307 4095 4095 4095 4095
164 160 156 114 154 1308 4095 4095 4095 4095
158 150 140 110 125 1307 4095 4095 4095 4095
146 155 134 108 165 1307 4095 4095 4095 4095
163 157 129 103 165 1307 4095 4095 4095 4095
131 156 138 107 156 1307 4095 4095 4095 4095
151 163 154 115 110 1307 4095 4095 4095 4095
142 149 137 110 131 1307 4095 4095 4095 4095
154 157 135 114 86 1306 4095 4095 4095 4095
163 156 149 107 185 1307 4095 4095 4095 4095
163 157 136 116 78 1308 4095 4095 4095 4095
165 159 121 107 135 1306 4095 4095 4095 4095
434 159 135 107 157 1306 4095 4095 4095 4095
213 163 137 115 71 1307 4095 4095 4095 4095
281 161 158 114 116 1307 4095 4095 4095 4095
162 159 139 115 77 1306 4095 4095 4095 4095
130 157 135 157 228 4095 4095 4095 1300 4095
219 212 219 130 165 1307 4095 4095 4095 4095
136 157 137 116 60 1307 4095 4095 4095 4095
136 161 155 113 100 1307 4095 4095 4095 4095
165 156 133 113 85 1307 4095 4095 4095 4095
156 164 169 117 138 1306 4095 4095 4095 4095
155 161 162 113 142 1306 4095 4095 4095 4095
143 156 123 103 147 1308 4095 4095 4095 4095
168 155 130 108 152 1307 4095 4095 4095 4095
221 160 122 107 133 1307 4095 4095 4095 4095
154 226 223 575 131 4095 4095 4095 1299 4095
245 229 194 120 208 1309 4095 4095 4095 4095
130 166 160 691 107 4095 4095 4095 1299 4095
150 161 164 115 162 1307 4095 4095 4095 4095
130 162 159 971 139 4095 4095 4095 1299 4095
189 163 166 114 146 1307 4095 4095 4095 4095
187 268 251 1807 374 4095 4095 4095 1299 4095
140 165 156 115 111 1308 4095 4095 4095 4095
126 153 141 143 142 4095 4095 4095 1299 4095
132 161 159 134 129 4095 4095 4095 4095 4095
216 163 161 113 131 1307 4095 4095 4095 4095
131 165 257 115 133 4095 4095 1320 4095 4095
138 167 165 118 125 1309 4095 4095 4095 4095
143 162 159 115 123 1308 4095 4095 4095 4095
182 152 141 109 135 1308 4095 4095 4095 4095
163 163 160 116 111 1307 4095 4095 4095 4095
145 160 158 113 147 1308 4095 4095 4095 4095
145 149 134 111 114 1308 4095 4095 4095 4095
131 150 136 238 125 4095 4095 4095 1299 4095
137 158 135 164 74 4095 4095 4095 1299 4095
136 161 157 143 124 4095 4095 4095 1299 4095
131 159 120 133 142 4095 4095 4095 1299 4095
123 161 163 137 121 4095 4095 4095 1299 4095
122 158 158 169 159 4095 4095 4095 1298 4095
158 158 163 115 147 1307 4095 4095 4095 4095
137 161 165 115 122 1307 4095 4095 4095 4095
155 155 150 106 195 1307 4095 4095 4095 4095
1529 216 187 118 184 1309 4095 4095 4095 4095
172 160 138 115 79 1307 4095 4095 4095 4095
150 154 140 108 149 1307 4095 4095 4095 4095
160 153 140 108 136 1307 4095 4095 4095 4095
146 163 162 116 117 1307 4095 4095 4095 4095
139 156 136 108 157 1307 4095 4095 4095 4095
149 154 140 107 153 1306 4095 4095 4095 4095
152 159 132 109 146 1307 4095 4095 4095 4095
159 153 134 112 105 1307 4095 4095 4095 4095
145 159 150 111 173 1308 4095 4095 4095 4095
138 160 130 110 145 1308 4095 4095 4095 4095
148 158 121 105 135 1307 4095 4095 4095 4095
162 158 122 107 138 1306 4095 4095 4095 4095
144 154 133 108 171 1308 4095 4095 4095 4095
134 162 260 114 137 4095 4095 1321 4095 4095
123 157 151 154 195 4095 4095 4095 1300 4095
178 161 127 108 133 1307 4095 4095 4095 4095
135 155 136 114 97 1308 4095 4095 4095 4095
144 151 136 110 120 1307 4095 4095 4095 4095
147 162 159 114 130 1306 4095 4095 4095 4095
140 156 151 108 213 1308 4095 4095 4095 4095
135 160 148 108 188 1308 4095 4095 4095 4095
161 155 134 108 163 1308 4095 4095 4095 4095
128 164 170 144 137 4095 4095 4095 1299 4095
120 161 160 143 138 4095 4095 4095 1299 4095
131 158 266 114 85 4095 4095 1320 4095 4095
144 157 132 115 77 1307 4095 4095 4095 4095
150 161 140 116 76 1307 4095 4095 4095 4095
167 157 130 102 179 1306 4095 4095 4095 4095
177 150 138 110 124 1306 4095 4095 4095 4095
140 151 138 109 144 1308 4095 4095 4095 4095
144 164 155 114 108 1307 4095 4095 4095 4095
214 164 155 115 108 1308 4095 4095 4095 4095
154 159 124 107 132 1308 4095 4095 4095 4095
138 153 142 108 147 1308 4095 4095 4095 4095
139 158 123 104 153 1307 4095 4095 4095 4095
139 157 135 113 92 1308 4095 4095 4095 4095
178 165 146 118 74 1307 4095 4095 4095 4095
154 157 147 106 203 1307 4095 4095 4095 4095
130 160 149 108 189 1306 4095 4095 4095 4095
135 161 149 110 174 1307 4095 4095 4095 4095
142 154 140 109 154 1308 4095 4095 4095 4095
233 161 127 109 137 1307 4095 4095 4095 4095
4095 322 318 155 139 1300 4095 4095 4095 4095
171 161 159 114 119 1307 4095 4095 4095 4095
150 153 139 109 148 1308 4095 4095 4095 4095
165 162 169 115 136 1305 4095 4095 4095 4095
158 161 150 111 173 1306 4095 4095 4095 4095
146 165 161 115 118 1308 4095 4095 4095 4095
139 159 148 105 200 1307 4095 4095 4095 4095
228 159 145 104 195 1306 4095 4095 4095 4095
129 152 141 108 154 1307 4095 4095 4095 4095
166 157 135 115 87 1306 4095 4095 4095 4095
141 159 151 105 198 1307 4095 4095 4095 4095
158 153 133 108 160 1307 4095 4095 4095 4095
126 155 135 158 99 4095 4095 4095 1299 4095
142 159 119 104 133 1307 4095 4095 4095 4095
189 159 158 113 159 1307 4095 4095 4095 4095
137 163 167 114 144 1307 4095 4095 4095 4095
138 163 158 115 110 1307 4095 4095 4095 4095
155 154 135 108 167 1307 4095 4095 4095 4095
242 156 126 104 167 1307 4095 4095 4095 4095
182 162 121 107 131 1307 4095 4095 4095 4095
169 164 160 114 106 1306 4095 4095 4095 4095
148 163 162 116 120 1307 4095 4095 4095 4095
155 160 120 106 137 1307 4095 4095 4095 4095
189 149 135 110 112 1307 4095 4095 4095 4095
133 152 223 109 131 4095 4095 1320 4095 4095
143 157 148 108 188 1308 4095 4095 4095 4095
162 151 138 109 131 1307 4095 4095 4095 4095
134 155 152 148 161 4095 4095 4095 1299 4095
125 161 247 105 196 4095 4095 1321 4095 4095
155 153 141 108 149 1307 4095 4095 4095 4095
141 159 125 107 137 1307 4095 4095 4095 4095
166 159 151 110 167 1307 4095 4095 4095 4095
154 160 122 106 132 1307 4095 4095 4095 4095
709 165 158 115 99 1309 4095 4095 4095 4095
186 160 137 116 79 1307 4095 4095 4095 4095
152 166 170 116 123 1307 4095 4095 4095 4095
162 159 153 109 184 1306 4095 4095 4095 4095
187 160 161 115 139 1307 4095 4095 4095 4095
125 155 199 103 145 4095 4095 1320 4095 4095
124 149 136 133 125 4095 4095 4095 1299 4095
175 156 151 113 161 1307 4095 4095 4095 4095
166 157 126 104 156 1307 4095 4095 4095 4095
140 162 161 115 119 1308 4095 4095 4095 4095
145 158 120 105 170 1309 4095 4095 4095 4095
147 160 164 114 144 1308 4095 4095 4095 4095
139 159 211 105 145 4095 4095 1321 4095 4095
133 164 171 115 141 1308 4095 4095 4095 4095
136 150 138 269 127 4095 4095 4095 1298 4095
155 161 161 114 138 1308 4095 4095 4095 4095
132 156 244 104 163 4095 4095 1320 4095 4095
128 155 137 127 155 4095 4095 4095 1298 4095
150 154 138 107 154 1308 4095 4095 4095 4095
159 163 156 115 106 1307 4095 4095 4095 4095
132 154 139 132 152 4095 4095 4095 1299 4095
141 159 137 115 81 1307 4095 4095 4095 4095
139 164 168 114 142 4095 4095 4095 4095 4095
155 162 127 108 143 1306 4095 4095 4095 4095
153 159 149 103 197 1306 4095 4095 4095 4095
133 155 141 107 151 1308 4095 4095 4095 4095
139 164 170 213 134 4095 4095 4095 1299 4095
135 162 162 115 137 1307 4095 4095 4095 4095
142 155 133 112 97 1307 4095 4095 4095 4095
128 154 135 161 79 4095 4095 4095 1298 4095
148 159 121 105 137 1308 4095 4095 4095 4095
171 154 139 108 155 1307 4095 4095 4095 4095
135 150 137 134 127 4095 4095 4095 1299 4095
815 225 234 128 167 1308 4095 4095 4095 4095
242 158 130 108 163 1307 4095 4095 4095 4095
192 158 148 104 201 1306 4095 4095 4095 4095
141 161 124 107 142 1308 4095 4095 4095 4095
126 151 244 110 120 4095 4095 1321 4095 4095
142 153 134 112 89 1307 4095 4095 4095 4095
126 157 197 108 165 4095 4095 4095 4095 4095
146 156 136 113 94 1308 4095 4095 4095 4095
138 161 161 135 131 4095 4095 4095 4095 4095
138 157 130 104 183 1307 4095 4095 4095 4095
143 150 136 110 128 1308 4095 4095 4095 4095
131 152 132 133 118 4095 4095 4095 1298 4095
189 158 120 104 138 1306 4095 4095 4095 4095
133 160 275 106 144 4095 4095 1320 4095 4095
145 154 139 108 154 1308 4095 4095 4095 4095
169 151 142 108 142 1307 4095 4095 4095 4095
136 162 130 109 141 1307 4095 4095 4095 4095
153 157 136 108 155 1308 4095 4095 4095 4095
137 164 224 114 108 4095 4095 1321 4095 4095
147 149 135 111 118 4095 4095 4095 4095 4095
133 169 162 118 111 1307 4095 4095 4095 4095
147 152 141 109 136 1307 4095 4095 4095 4095
160 160 122 105 132 1307 4095 4095 4095 4095
136 151 357 111 114 4095 4095 1320 4095 4095
154 162 132 108 142 1308 4095 4095 4095 4095
201 156 135 114 102 1308 4095 4095 4095 4095
165 160 138 116 77 1306 4095 4095 4095 4095
134 160 245 114 137 4095 4095 1321 4095 4095
1051 214 193 109 291 1308 4095 4095 4095 4095
130 155 129 129 186 4095 4095 4095 1300 4095
134 161 155 114 106 1307 4095 4095 4095 4095
130 157 148 135 205 4095 4095 4095 1299 4095
157 161 162 114 150 1306 4095 4095 4095 4095
147 159 151 109 186 1306 4095 4095 4095 4095
171 165 171 118 130 1307 4095 4095 4095 4095
153 166 156 115 111 1306 4095 4095 4095 4095
165 163 160 114 123 1307 4095 4095 4095 4095
141 163 156 114 114 1308 4095 4095 4095 4095
150 164 169 118 140 1307 4095 4095 4095 4095
162 159 156 113 157 1307 4095 4095 4095 4095
130 151 140 155 129 4095 4095 4095 1299 4095
139 156 150 106 213 1308 4095 4095 4095 4095
363 217 215 129 135 1307 4095 4095 4095 4095
137 155 137 145 88 4095 4095 4095 1298 4095
157 163 166 114 146 1307 4095 4095 4095 4095
135 163 282 114 120 4095 4095 1320 4095 4095
134 153 141 192 160 4095 4095 4095 1300 4095
148 157 149 108 190 1308 4095 4095 4095 4095
145 153 135 113 95 1307 4095 4095 4095 4095
135 163 165 153 131 4095 4095 4095 1298 4095
136 156 152 145 160 4095 4095 4095 1298 4095
170 159 121 105 139 1306 4095 4095 4095 4095
159 163 161 114 128 1307 4095 4095 4095 4095
143 154 131 111 104 1307 4095 4095 4095 4095
141 161 123 106 136 1307 4095 4095 4095 4095
161 162 171 118 137 1307 4095 4095 4095 4095
172 162 166 114 137 1306 4095 4095 4095 4095
126 158 307 108 137 4095 4095 1320 4095 4095
166 166 169 119 170 1307 4095 4095 4095 4095
139 156 151 105 212 1308 4095 4095 4095 4095
123 154 207 108 163 4095 4095 1321 4095 4095
139 159 149 107 201 1308 4095 4095 4095 4095
149 163 158 114 121 1308 4095 4095 4095 4095
157 158 133 108 148 1306 4095 4095 4095 4095
160 161 143 116 95 1308 4095 4095 4095 4095
133 159 163 182 141 4095 4095 4095 1299 4095
148 163 161 115 118 1308 4095 4095 4095 4095
151 160 159 114 132 1308 4095 4095 4095 4095
155 159 135 113 90 1306 4095 4095 4095 4095
197 162 140 117 70 1306 4095 4095 4095 4095
134 159 151 131 194 4095 4095 4095 1299 4095
133 153 140 109 148 1308 4095 4095 4095 4095
155 154 140 109 141 1307 4095 4095 4095 4095
157 162 167 114 135 1307 4095 4095 4095 4095
151 154 139 108 157 1307 4095 4095 4095 4095
159 160 129 109 143 1307 4095 4095 4095 4095
134 160 151 110 173 1307 4095 4095 4095 4095
129 150 133 134 120 4095 4095 4095 4095 4095
200 212 156 107 207 1306 4095 4095 4095 4095
146 158 119 106 154 1307 4095 4095 4095 4095
138 151 138 110 126 1307 4095 4095 4095 4095
153 156 151 107 196 1307 4095 4095 4095 4095
127 158 218 108 153 4095 4095 1320 4095 4095
165 160 124 107 145 1307 4095 4095 4095 4095
169 164 170 115 143 1306 4095 4095 4095 4095
200 197 152 114 160 1309 4095 4095 4095 4095
150 158 139 116 69 1306 4095 4095 4095 4095
154 157 125 103 157 1307 4095 4095 4095 4095
163 160 121 105 142 1306 4095 4095 4095 4095
136 150 139 134 121 4095 4095 4095 1298 4095
140 159 231 107 142 4095 4095 1320 4095 4095
148 151 137 110 129 1308 4095 4095 4095 4095
134 156 219 106 180 4095 4095 1320 4095 4095
161 158 122 105 136 1307 4095 4095 4095 4095
141 155 133 114 92 1308 4095 4095 4095 4095
1073 224 207 129 122 1308 4095 4095 4095 4095
135 163 160 143 118 4095 4095 4095 1299 4095
168 155 133 104 184 1308 4095 4095 4095 4095
154 156 150 105 200 1307 4095 4095 4095 4095
139 155 136 108 220 1308 4095 4095 4095 2017
139 160 119 106 132 1308 4095 4095 4095 4095
149 158 148 106 204 1308 4095 4095 4095 4095
197 201 176 119 117 1307 4095 4095 4095 4095
326 150 131 111 114 1307 4095 4095 4095 4095
131 155 131 115 83 1307 4095 4095 4095 4095
261 158 149 110 188 1307 4095 4095 4095 4095
287 215 201 126 121 1308 4095 4095 4095 4095
159 156 149 106 202 1307 4095 4095 4095 4095
2050 188 172 113 231 1308 4095 4095 4095 4095
134 161 125 107 134 1307 4095 4095 4095 4095
133 159 123 106 138 1308 4095 4095 4095 4095
129 151 140 160 133 4095 4095 4095 1299 4095
135 162 140 115 74 1308 4095 4095 4095 4095
135 160 150 105 205 1308 4095 4095 4095 4095
169 155 136 113 53 1306 4095 4095 4095 4095
155 156 148 104 189 1308 4095 4095 4095 4095
129 153 140 194 140 4095 4095 4095 1299 4095
138 154 132 159 95 4095 4095 4095 1299 4095
766 160 142 117 79 1309 4095 4095 4095 4095
157 152 136 110 121 1307 4095 4095 4095 4095
150 164 161 116 115 1307 4095 4095 4095 4095
137 149 132 210 118 4095 4095 4095 1299 4095
159 161 162 116 116 1309 4095 4095 4095 4095
149 161 150 109 184 1307 4095 4095 4095 4095
126 155 151 151 164 4095 4095 4095 1298 4095
158 163 141 117 75 1307 4095 4095 4095 4095
142 153 135 112 109 1308 4095 4095 4095 4095
180 159 151 106 200 1307 4095 4095 4095 4095
197 152 141 110 123 1306 4095 4095 4095 4095
166 167 165 119 117 1306 4095 4095 4095 4095
175 163 145 118 73 1307 4095 4095 4095 4095
196 166 167 118 104 1307 4095 4095 4095 4095
159 163 157 115 112 1307 4095 4095 4095 4095
159 156 136 114 91 1305 4095 4095 4095 4095
136 156 276 112 91 4095 4095 1322 4095 4095
161 155 136 112 97 1307 4095 4095 4095 4095
147 151 139 109 132 1308 4095 4095 4095 4095
155 156 124 102 154 1306 4095 4095 4095 4095
149 161 170 114 130 1306 4095 4095 4095 4095
147 159 147 104 199 1307 4095 4095 4095 4095
140 162 170 115 137 1308 4095 4095 4095 4095
476 159 150 106 199 1308 4095 4095 4095 4095
175 158 121 105 123 1306 4095 4095 4095 4095
164 159 149 107 193 1306 4095 4095 4095 4095
169 165 154 116 114 1307 4095 4095 4095 4095
278 222 224 129 171 1306 4095 4095 4095 4095
135 166 164 163 114 4095 4095 4095 1299 4095
138 166 165 144 131 4095 4095 4095 1300 4095
163 159 118 106 143 1308 4095 4095 4095 4095
183 160 163 116 123 1307 4095 4095 4095 4095
191 157 121 108 111 1307 4095 4095 4095 4095
156 165 172 118 133 1307 4095 4095 4095 4095
144 157 124 104 152 1307 4095 4095 4095 4095
200 158 133 102 187 1307 4095 4095 4095 4095
161 157 147 105 204 1307 4095 4095 4095 4095
175 159 128 108 143 1307 4095 4095 4095 4095
125 166 171 190 139 4095 4095 4095 1299 4095
161 165 168 119 135 1307 4095 4095 4095 4095
163 165 170 118 139 1306 4095 4095 4095 4095
124 154 133 126 193 4095 4095 4095 1299 4095
138 155 133 108 164 1307 4095 4095 4095 4095
170 158 150 108 194 1307 4095 4095 4095 4095
143 162 156 115 114 1308 4095 4095 4095 4095
130 155 133 108 161 4095 4095 4095 4095 4095
137 162 167 154 138 4095 4095 4095 1298 4095
156 154 139 107 149 1306 4095 4095 4095 4095
143 165 169 118 137 1308 4095 4095 4095 4095
154 162 168 115 130 1307 4095 4095 4095 4095
141 161 163 115 133 1307 4095 4095 4095 4095
140 163 155 114 114 1308 4095 4095 4095 4095
143 164 157 115 117 1307 4095 4095 4095 4095
124 161 167 139 137 4095 4095 4095 1299 4095
156 154 126 103 153 1307 4095 4095 4095 4095
170 158 122 105 141 1307 4095 4095 4095 4095
146 156 135 113 91 1308 4095 4095 4095 4095
140 165 165 117 139 1308 4095 4095 4095 4095
129 162 162 196 121 4095 4095 4095 1299 4095
139 158 128 104 159 1308 4095 4095 4095 4095
134 165 158 119 77 1308 4095 4095 4095 4095
131 163 233 115 114 4095 4095 1320 4095 4095
117 165 159 113 79 1308 4095 4095 4095 4095
503 161 162 116 146 1308 4095 4095 4095 4095
177 150 138 110 125 1306 4095 4095 4095 4095
251 165 149 119 67 1306 4095 4095 4095 4095
116 160 162 114 97 1308 4095 4095 4095 4095
167 160 151 111 165 1306 4095 4095 4095 4095
150 152 134 113 103 1307 4095 4095 4095 4095
128 160 262 110 174 4095 4095 1321 4095 4095
132 166 161 142 91 4095 4095 4095 1298 4095
143 162 163 112 133 1307 4095 4095 4095 4095
143 150 130 111 111 1308 4095 4095 4095 4095
147 161 126 108 138 1307 4095 4095 4095 4095
140 167 164 119 112 1307 4095 4095 4095 4095
146 157 150 107 193 1308 4095 4095 4095 4095
294 156 134 103 186 1307 4095 4095 4095 4095
172 157 134 108 124 1308 4095 4095 4095 4095
246 223 211 128 125 1308 4095 4095 4095 4095
152 167 167 117 132 1307 4095 4095 4095 4095
140 165 169 118 132 1307 4095 4095 4095 4095
143 160 153 109 195 1308 4095 4095 4095 4095
160 164 169 115 138 1307 4095 4095 4095 4095
160 156 121 105 137 1307 4095 4095 4095 4095
132 156 123 121 143 4095 4095 4095 1298 4095
172 149 136 111 123 1307 4095 4095 4095 4095
136 161 129 108 138 1308 4095 4095 4095 4095
148 158 149 104 204 1308 4095 4095 4095 4095
102 160 119 105 112 1308 4095 4095 4095 4095
157 156 135 114 92 1307 4095 4095 4095 4095
149 163 157 113 126 1308 4095 4095 4095 4095
132 158 308 106 201 4095 4095 1321 4095 4095
157 160 160 114 136 1307 4095 4095 4095 4095
144 164 169 118 141 1307 4095 4095 4095 4095
139 242 248 711 168 4095 4095 4095 1298 4095
2913 205 184 108 281 1309 4095 4095 4095 4095
147 159 120 105 138 1308 4095 4095 4095 4095
135 167 169 117 129 1308 4095 4095 4095 4095
122 160 131 108 130 1308 4095 4095 4095 4095
153 161 167 114 143 1308 4095 4095 4095 4095
143 162 171 117 136 1307 4095 4095 4095 4095
145 160 121 106 134 1307 4095 4095 4095 4095
151 164 163 116 112 1307 4095 4095 4095 4095
145 162 142 117 70 1307 4095 4095 4095 4095
144 160 134 109 154 1308 4095 4095 4095 4095
179 154 135 112 107 1307 4095 4095 4095 4095
140 165 170 115 135 1308 4095 4095 4095 4095
156 156 134 103 195 1308 4095 4095 4095 4095
146 152 133 112 100 1306 4095 4095 4095 4095
159 160 159 114 141 1307 4095 4095 4095 4095
149 162 155 115 93 1308 4095 4095 4095 4095
1309 216 141 109 183 1308 4095 4095 4095 4095
138 152 140 132 136 4095 4095 4095 1299 4095
135 164 171 117 128 1308 4095 4095 4095 4095
133 158 122 177 147 4095 4095 4095 1299 4095
125 155 232 108 162 4095 4095 1320 4095 4095
141 162 161 112 124 1307 4095 4095 4095 4095
521 222 186 134 49 1308 4095 4095 4095 4095
126 165 1099 117 139 4095 4095 1320 4095 4095
409 211 147 113 160 1307 4095 4095 4095 4095
136 156 218 111 167 4095 4095 1320 4095 4095
151 157 123 103 158 1306 4095 4095 4095 4095
140 166 158 115 103 1307 4095 4095 4095 4095
128 156 150 135 191 4095 4095 4095 1299 4095
146 161 140 117 72 1308 4095 4095 4095 4095
158 159 148 104 203 1306 4095 4095 4095 4095
724 156 147 111 148 1307 4095 4095 4095 4095
1436 210 201 113 294 1307 4095 4095 4095 4095
138 157 121 103 141 1307 4095 4095 4095 4095
136 166 166 118 117 1307 4095 4095 4095 4095
150 161 171 115 153 1307 4095 4095 4095 4095
178 158 127 104 157 1307 4095 4095 4095 4095
136 155 138 108 160 1308 4095 4095 4095 4095
145 156 136 108 163 1307 4095 4095 4095 4095
167 155 127 103 162 1306 4095 4095 4095 4095
128 154 140 235 152 4095 4095 4095 1299 4095
131 155 265 113 84 4095 4095 1319 4095 4095
137 164 164 114 121 1308 4095 4095 4095 4095
135 159 152 106 200 1308 4095 4095 4095 4095
125 163 121 105 121 1308 4095 4095 4095 4095
152 154 137 108 154 1306 4095 4095 4095 4095
122 170 162 1374 84 4095 4095 4095 1299 4095
149 163 169 115 142 1308 4095 4095 4095 4095
155 162 163 115 125 1308 4095 4095 4095 4095
182 159 150 109 187 1308 4095 4095 4095 4095
299 161 163 115 138 1308 4095 4095 4095 4095
130 157 148 126 205 4095 4095 4095 1299 4095
131 154 136 127 159 4095 4095 4095 4095 4095
139 152 140 110 139 1307 4095 4095 4095 4095
146 167 156 118 77 1307 4095 4095 4095 4095
140 155 130 111 109 1308 4095 4095 4095 4095
134 157 136 113 87 1307 4095 4095 4095 4095
154 160 122 107 129 1307 4095 4095 4095 4095
145 162 158 114 123 1308 4095 4095 4095 4095
133 161 165 161 129 4095 4095 4095 1299 4095
137 164 155 115 106 1308 4095 4095 4095 4095
232 160 151 109 178 1307 4095 4095 4095 4095
148 159 135 109 148 1308 4095 4095 4095 4095
128 163 271 116 147 4095 4095 1321 4095 4095
182 161 125 107 134 1307 4095 4095 4095 4095
333 244 210 123 196 1307 4095 4095 4095 4095
162 158 150 107 199 1308 4095 4095 4095 4095
126 156 135 152 159 4095 4095 4095 1299 4095
137 156 137 108 160 1308 4095 4095 4095 4095
138 165 159 116 123 1308 4095 4095 4095 4095
141 157 133 113 97 1308 4095 4095 4095 4095
228 163 155 114 117 1308 4095 4095 4095 4095
144 152 139 108 154 1308 4095 4095 4095 4095
152 160 159 114 138 1308 4095 4095 4095 4095
138 161 122 106 148 4095 4095 4095 4095 4095
130 162 139 135 76 4095 4095 4095 4095 4095
153 159 138 115 73 1309 4095 4095 4095 4095
125 164 143 153 98 4095 4095 4095 1298 4095
151 151 136 109 137 1307 4095 4095 4095 4095
172 168 162 118 96 1307 4095 4095 4095 4095
127 164 155 142 112 4095 4095 4095 1299 4095
133 157 149 146 185 4095 4095 4095 1299 4095
336 276 175 123 195 1308 4095 4095 4095 4095
133 156 202 113 82 4095 4095 1319 4095 4095
137 151 133 107 148 1308 4095 4095 4095 4095
149 163 142 118 74 1307 4095 4095 4095 4095
173 158 146 111 169 1307 4095 4095 4095 4095
142 159 132 109 145 1308 4095 4095 4095 4095
160 163 158 114 143 1307 4095 4095 4095 4095
164 159 128 108 134 1306 4095 4095 4095 4095
142 152 139 111 124 1307 4095 4095 4095 4095
177 159 136 116 81 1307 4095 4095 4095 4095
200 157 124 104 146 1307 4095 4095 4095 4095
148 160 121 104 139 1307 4095 4095 4095 4095
138 149 130 111 117 1308 4095 4095 4095 4095
176 166 158 118 86 1307 4095 4095 4095 4095
129 161 163 134 123 4095 4095 4095 4095 4095
136 157 257 108 203 4095 4095 1320 4095 4095
694 155 140 108 167 1306 4095 4095 4095 4095
180 163 171 117 136 1306 4095 4095 4095 4095
171 164 159 115 114 1306 4095 4095 4095 4095
130 159 158 136 150 4095 4095 4095 1298 4095
181 153 137 112 106 1307 4095 4095 4095 4095
124 164 302 115 111 4095 4095 1320 4095 4095
138 153 142 108 154 1307 4095 4095 4095 4095
129 162 157 160 146 4095 4095 4095 1298 4095
407 153 139 111 121 1306 4095 4095 4095 4095
174 160 160 114 153 1307 4095 4095 4095 4095
134 162 162 116 135 4095 4095 4095 4095 4095
