102 132 127 625 898 1176 1219 1228 1296 1319
105 132 132 626 2066 1190 1232 1222 1297 1280
102 131 166 695 833 1185 1221 1212 1297 1348
106 151 255 441 2403 1182 1201 1197 1298 1275
103 130 156 416 1117 1183 1230 1221 1297 1311
103 140 167 201 1174 1190 1224 1221 1296 1306
105 144 133 648 1380 1186 1219 1220 1296 1291
106 138 164 283 2342 1171 1199 1208 1298 1282
104 145 120 513 903 1176 1203 1263 1298 1322
100 136 126 442 1058 1177 1213 1227 1297 628
104 134 124 418 1802 1177 1226 1251 1296 1272
102 140 125 402 941 1168 1198 1228 1297 1292
102 138 127 823 951 1180 1222 1253 1297 1305
105 132 131 254 2115 1180 1230 1240 1297 1304
109 142 140 1219 2593 1192 1217 1241 1296 1292
105 138 240 645 1747 1184 1215 1204 1296 1295
111 138 183 642 3823 1202 1215 73 1296 1267
101 132 134 490 864 1168 1217 1226 1296 1333
107 141 127 863 2586 1177 1209 1228 1298 1273
103 140 137 446 848 1173 1202 1235 1298 1347
102 132 132 555 833 1180 1209 1229 1297 1322
102 134 132 697 1262 1176 1220 1230 1296 1304
103 152 138 662 1468 1308 1074 1083 1157 1197
109 131 125 698 1661 1181 1211 1230 1297 1286
110 136 140 819 3230 1174 1219 1235 1296 1282
101 130 158 427 752 1182 1217 1220 1296 1330
110 148 152 640 3005 1190 1209 1221 1297 1287
108 131 155 941 2195 1187 1230 1230 1298 1310
102 127 138 246 1920 1192 1217 1220 1297 1289
102 127 138 246 1920 1192 1217 1220 1297 1289
104 134 152 422 1492 1162 1214 1222 1297 1301
